 0.100000E+03 0.131000E-02  0.14432E+01  0.58185E-01  0.00000E+00  0.00000E+00  0.14432E+01  0.58267E-01
 0.100000E+03 0.200000E-02  0.13846E+01  0.40033E-01  0.00000E+00  0.00000E+00  0.13846E+01  0.39962E-01
 0.120000E+03 0.158000E-02  0.14068E+01  0.47649E-01  0.00000E+00  0.00000E+00  0.14068E+01  0.47655E-01
 0.120000E+03 0.200000E-02  0.13356E+01  0.38121E-01  0.00000E+00  0.00000E+00  0.13356E+01  0.37918E-01
 0.120000E+03 0.320000E-02  0.12261E+01  0.30433E-01  0.00000E+00  0.00000E+00  0.12261E+01  0.30529E-01
 0.150000E+03 0.197000E-02  0.13957E+01  0.49125E-01  0.00000E+00  0.00000E+00  0.13957E+01  0.48983E-01
 0.150000E+03 0.320000E-02  0.12192E+01  0.32993E-01  0.00000E+00  0.00000E+00  0.12192E+01  0.32539E-01
 0.150000E+03 0.500000E-02  0.10607E+01  0.25795E-01  0.00000E+00  0.00000E+00  0.10607E+01  0.25575E-01
 0.150000E+03 0.800000E-02  0.95355E+00  0.30563E-01  0.00000E+00  0.00000E+00  0.95355E+00  0.30654E-01
 0.200000E+03 0.263000E-02  0.12900E+01  0.45789E-01  0.00000E+00  0.00000E+00  0.12900E+01  0.45733E-01
 0.200000E+03 0.320000E-02  0.12384E+01  0.38746E-01  0.00000E+00  0.00000E+00  0.12384E+01  0.38636E-01
 0.200000E+03 0.500000E-02  0.10865E+01  0.29168E-01  0.11046E+01  0.22942E-01  0.10995E+01  0.17931E-01
 0.200000E+03 0.800000E-02  0.95457E+00  0.25138E-01  0.94582E+00  0.16841E-01  0.94819E+00  0.14148E-01
 0.200000E+03 0.130000E-01  0.80260E+00  0.20377E-01  0.81030E+00  0.13063E-01  0.80822E+00  0.11002E-01
 0.200000E+03 0.200000E-01  0.71699E+00  0.18883E-01  0.69221E+00  0.13785E-01  0.70018E+00  0.11138E-01
 0.200000E+03 0.320000E-01  0.58933E+00  0.18829E-01  0.58929E+00  0.13572E-01  0.58930E+00  0.10985E-01
 0.200000E+03 0.500000E-01  0.51963E+00  0.22088E-01  0.52070E+00  0.10852E-01  0.52049E+00  0.96960E-02
 0.200000E+03 0.800000E-01  0.40422E+00  0.18548E-01  0.43843E+00  0.11416E-01  0.43393E+00  0.96176E-02
 0.200000E+03 0.130000E+00  0.35347E+00  0.16028E-01  0.00000E+00  0.00000E+00  0.35347E+00  0.16137E-01
 0.200000E+03 0.250000E+00  0.26887E+00  0.17780E-01  0.00000E+00  0.00000E+00  0.26887E+00  0.17412E-01
 0.200000E+03 0.400000E+00  0.13661E+00  0.12240E-01  0.00000E+00  0.00000E+00  0.13661E+00  0.12358E-01
 0.200000E+03 0.180000E+00  0.00000E+00  0.00000E+00  0.30554E+00  0.17300E-01  0.30554E+00  0.17584E-01
 0.250000E+03 0.328000E-02  0.12550E+01  0.48434E-01  0.00000E+00  0.00000E+00  0.12550E+01  0.48556E-01
 0.250000E+03 0.500000E-02  0.11145E+01  0.31008E-01  0.00000E+00  0.00000E+00  0.11145E+01  0.30695E-01
 0.250000E+03 0.800000E-02  0.93864E+00  0.26557E-01  0.96500E+00  0.18941E-01  0.95641E+00  0.15478E-01
 0.250000E+03 0.130000E-01  0.83388E+00  0.23438E-01  0.83203E+00  0.15411E-01  0.83256E+00  0.12972E-01
 0.250000E+03 0.200000E-01  0.70960E+00  0.20842E-01  0.71340E+00  0.15967E-01  0.71202E+00  0.12697E-01
 0.250000E+03 0.320000E-01  0.57821E+00  0.19994E-01  0.58982E+00  0.14031E-01  0.58617E+00  0.11553E-01
 0.250000E+03 0.500000E-01  0.51338E+00  0.17324E-01  0.52185E+00  0.11794E-01  0.51924E+00  0.97947E-02
 0.250000E+03 0.800000E-01  0.41969E+00  0.14692E-01  0.42515E+00  0.12644E-01  0.42374E+00  0.98607E-02
 0.250000E+03 0.130000E+00  0.34537E+00  0.14585E-01  0.00000E+00  0.00000E+00  0.34537E+00  0.14389E-01
 0.250000E+03 0.250000E+00  0.28008E+00  0.20052E-01  0.00000E+00  0.00000E+00  0.28008E+00  0.19487E-01
 0.250000E+03 0.400000E+00  0.14377E+00  0.12916E-01  0.00000E+00  0.00000E+00  0.14377E+00  0.12564E-01
 0.250000E+03 0.180000E+00  0.00000E+00  0.00000E+00  0.30975E+00  0.10619E-01  0.30975E+00  0.11022E-01
 0.300000E+03 0.394000E-02  0.11896E+01  0.46740E-01  0.00000E+00  0.00000E+00  0.11896E+01  0.46757E-01
 0.300000E+03 0.500000E-02  0.11379E+01  0.42775E-01  0.00000E+00  0.00000E+00  0.11379E+01  0.42744E-01
 0.300000E+03 0.800000E-02  0.98332E+00  0.28588E-01  0.97735E+00  0.25213E-01  0.97969E+00  0.19065E-01
 0.300000E+03 0.130000E-01  0.83671E+00  0.23543E-01  0.80778E+00  0.18427E-01  0.81800E+00  0.14445E-01
 0.300000E+03 0.200000E-01  0.70803E+00  0.21022E-01  0.69308E+00  0.17530E-01  0.69917E+00  0.13508E-01
 0.300000E+03 0.320000E-01  0.60583E+00  0.20157E-01  0.60865E+00  0.15214E-01  0.60761E+00  0.12212E-01
 0.300000E+03 0.500000E-01  0.49037E+00  0.18474E-01  0.50147E+00  0.12176E-01  0.49815E+00  0.10202E-01
 0.300000E+03 0.800000E-01  0.43861E+00  0.16903E-01  0.42771E+00  0.91619E-02  0.43016E+00  0.81801E-02
 0.300000E+03 0.130000E+00  0.35591E+00  0.15860E-01  0.00000E+00  0.00000E+00  0.35591E+00  0.15731E-01
 0.300000E+03 0.250000E+00  0.26805E+00  0.22248E-01  0.00000E+00  0.00000E+00  0.26805E+00  0.21356E-01
 0.300000E+03 0.400000E+00  0.15692E+00  0.14806E-01  0.00000E+00  0.00000E+00  0.15692E+00  0.14453E-01
 0.300000E+03 0.180000E+00  0.00000E+00  0.00000E+00  0.31448E+00  0.93636E-02  0.31448E+00  0.90954E-02
 0.400000E+03 0.525000E-02  0.11659E+01  0.48970E-01  0.00000E+00  0.00000E+00  0.11659E+01  0.49014E-01
 0.400000E+03 0.800000E-02  0.10244E+01  0.35597E-01  0.10354E+01  0.30170E-01  0.10317E+01  0.23238E-01
 0.400000E+03 0.130000E-01  0.88628E+00  0.26959E-01  0.83156E+00  0.23557E-01  0.85529E+00  0.17728E-01
 0.400000E+03 0.200000E-01  0.72340E+00  0.23950E-01  0.69202E+00  0.22326E-01  0.70613E+00  0.16370E-01
 0.400000E+03 0.320000E-01  0.60661E+00  0.19321E-01  0.61470E+00  0.19019E-01  0.61090E+00  0.13613E-01
 0.400000E+03 0.500000E-01  0.51224E+00  0.18840E-01  0.50790E+00  0.13906E-01  0.50943E+00  0.11258E-01
 0.400000E+03 0.800000E-01  0.44198E+00  0.16046E-01  0.45043E+00  0.11763E-01  0.44736E+00  0.96166E-02
 0.400000E+03 0.130000E+00  0.35607E+00  0.13735E-01  0.36429E+00  0.11131E-01  0.36128E+00  0.86756E-02
 0.400000E+03 0.250000E+00  0.25003E+00  0.16421E-01  0.25711E+00  0.97700E-02  0.25497E+00  0.85506E-02
 0.400000E+03 0.400000E+00  0.15524E+00  0.12973E-01  0.00000E+00  0.00000E+00  0.15524E+00  0.12568E-01
 0.500000E+03 0.656000E-02  0.10238E+01  0.45802E-01  0.00000E+00  0.00000E+00  0.10238E+01  0.45817E-01
 0.500000E+03 0.800000E-02  0.10331E+01  0.48210E-01  0.00000E+00  0.00000E+00  0.10331E+01  0.48149E-01
 0.500000E+03 0.130000E-01  0.89309E+00  0.34365E-01  0.00000E+00  0.00000E+00  0.89309E+00  0.34213E-01
 0.500000E+03 0.200000E-01  0.72167E+00  0.26564E-01  0.00000E+00  0.00000E+00  0.72167E+00  0.26389E-01
 0.500000E+03 0.320000E-01  0.61631E+00  0.22142E-01  0.00000E+00  0.00000E+00  0.61631E+00  0.22150E-01
 0.500000E+03 0.500000E-01  0.53108E+00  0.21085E-01  0.00000E+00  0.00000E+00  0.53108E+00  0.21206E-01
 0.500000E+03 0.800000E-01  0.43727E+00  0.17251E-01  0.00000E+00  0.00000E+00  0.43727E+00  0.17394E-01
 0.500000E+03 0.130000E+00  0.33967E+00  0.15520E-01  0.00000E+00  0.00000E+00  0.33967E+00  0.15753E-01
 0.500000E+03 0.180000E+00  0.29339E+00  0.16044E-01  0.00000E+00  0.00000E+00  0.29339E+00  0.15897E-01
 0.500000E+03 0.250000E+00  0.27233E+00  0.19622E-01  0.00000E+00  0.00000E+00  0.27233E+00  0.19101E-01
 0.500000E+03 0.400000E+00  0.17121E+00  0.21413E-01  0.00000E+00  0.00000E+00  0.17121E+00  0.20351E-01
 0.650000E+03 0.853000E-02  0.99143E+00  0.52955E-01  0.00000E+00  0.00000E+00  0.99143E+00  0.52969E-01
 0.650000E+03 0.130000E-01  0.85927E+00  0.35410E-01  0.86173E+00  0.23568E-01  0.86107E+00  0.19656E-01
 0.650000E+03 0.200000E-01  0.74346E+00  0.31206E-01  0.75267E+00  0.23730E-01  0.74928E+00  0.18894E-01
 0.650000E+03 0.320000E-01  0.60675E+00  0.24899E-01  0.61752E+00  0.22577E-01  0.61281E+00  0.16834E-01
 0.650000E+03 0.500000E-01  0.51752E+00  0.21589E-01  0.53394E+00  0.17957E-01  0.52713E+00  0.13828E-01
 0.650000E+03 0.800000E-01  0.44307E+00  0.19440E-01  0.43842E+00  0.15956E-01  0.44029E+00  0.12453E-01
 0.650000E+03 0.130000E+00  0.37447E+00  0.17907E-01  0.35286E+00  0.13733E-01  0.36072E+00  0.10981E-01
 0.650000E+03 0.180000E+00  0.30114E+00  0.19817E-01  0.00000E+00  0.00000E+00  0.30114E+00  0.19519E-01
 0.650000E+03 0.250000E+00  0.25847E+00  0.20938E-01  0.24869E+00  0.11103E-01  0.25099E+00  0.97453E-02
 0.650000E+03 0.400000E+00  0.15511E+00  0.20527E-01  0.00000E+00  0.00000E+00  0.15511E+00  0.19881E-01
 0.800000E+03 0.105000E-01  0.95184E+00  0.59490E-01  0.00000E+00  0.00000E+00  0.95184E+00  0.59396E-01
 0.800000E+03 0.130000E-01  0.87005E+00  0.50530E-01  0.84455E+00  0.28494E-01  0.84997E+00  0.24677E-01
 0.800000E+03 0.200000E-01  0.75120E+00  0.35067E-01  0.76175E+00  0.29659E-01  0.75756E+00  0.22755E-01
 0.800000E+03 0.320000E-01  0.58439E+00  0.28503E-01  0.65287E+00  0.24077E-01  0.62488E+00  0.18311E-01
 0.800000E+03 0.500000E-01  0.54899E+00  0.24636E-01  0.51723E+00  0.19168E-01  0.52900E+00  0.15097E-01
 0.800000E+03 0.800000E-01  0.45114E+00  0.22123E-01  0.45121E+00  0.17142E-01  0.45118E+00  0.13577E-01
 0.800000E+03 0.130000E+00  0.35840E+00  0.21215E-01  0.36276E+00  0.14813E-01  0.36130E+00  0.12213E-01
 0.800000E+03 0.180000E+00  0.32205E+00  0.21023E-01  0.00000E+00  0.00000E+00  0.32205E+00  0.21042E-01
 0.800000E+03 0.250000E+00  0.26302E+00  0.24365E-01  0.26067E+00  0.13610E-01  0.26119E+00  0.11723E-01
 0.800000E+03 0.400000E+00  0.13165E+00  0.17952E-01  0.00000E+00  0.00000E+00  0.13165E+00  0.17623E-01
 0.800000E+03 0.650000E+00  0.19419E-01  0.39687E-02  0.00000E+00  0.00000E+00  0.19419E-01  0.39180E-02
 0.100000E+04 0.130000E-01  0.88692E+00  0.56458E-01  0.00000E+00  0.00000E+00  0.88692E+00  0.56440E-01
 0.100000E+04 0.200000E-01  0.74163E+00  0.37438E-01  0.00000E+00  0.00000E+00  0.74163E+00  0.37311E-01
 0.100000E+04 0.320000E-01  0.65236E+00  0.35427E-01  0.00000E+00  0.00000E+00  0.65236E+00  0.35275E-01
 0.100000E+04 0.500000E-01  0.55728E+00  0.29357E-01  0.00000E+00  0.00000E+00  0.55728E+00  0.29237E-01
 0.100000E+04 0.800000E-01  0.45887E+00  0.24242E-01  0.00000E+00  0.00000E+00  0.45887E+00  0.24259E-01
 0.100000E+04 0.130000E+00  0.40707E+00  0.25836E-01  0.00000E+00  0.00000E+00  0.40707E+00  0.25879E-01
 0.100000E+04 0.180000E+00  0.31974E+00  0.21705E-01  0.00000E+00  0.00000E+00  0.31974E+00  0.21667E-01
 0.100000E+04 0.250000E+00  0.26316E+00  0.21544E-01  0.00000E+00  0.00000E+00  0.26316E+00  0.21367E-01
 0.100000E+04 0.400000E+00  0.13134E+00  0.16973E-01  0.00000E+00  0.00000E+00  0.13134E+00  0.16786E-01
 0.100000E+04 0.650000E+00  0.23583E-01  0.55111E-02  0.00000E+00  0.00000E+00  0.23583E-01  0.53752E-02
 0.120000E+04 0.200000E-01  0.77425E+00  0.45330E-01  0.79386E+00  0.30282E-01  0.78825E+00  0.25233E-01
 0.120000E+04 0.320000E-01  0.64142E+00  0.34689E-01  0.64684E+00  0.25083E-01  0.64512E+00  0.20237E-01
 0.120000E+04 0.500000E-01  0.48022E+00  0.28774E-01  0.53312E+00  0.17906E-01  0.51853E+00  0.15336E-01
 0.120000E+04 0.800000E-01  0.46919E+00  0.26028E-01  0.45722E+00  0.15132E-01  0.46026E+00  0.13100E-01
 0.120000E+04 0.130000E+00  0.42165E+00  0.25991E-01  0.35803E+00  0.13625E-01  0.37036E+00  0.11979E-01
 0.120000E+04 0.180000E+00  0.32401E+00  0.23485E-01  0.00000E+00  0.00000E+00  0.32401E+00  0.23462E-01
 0.120000E+04 0.250000E+00  0.26961E+00  0.20576E-01  0.24155E+00  0.10102E-01  0.24673E+00  0.90447E-02
 0.120000E+04 0.400000E+00  0.12247E+00  0.18855E-01  0.12960E+00  0.10559E-01  0.12795E+00  0.93644E-02
 0.120000E+04 0.650000E+00  0.25046E-01  0.62770E-02  0.00000E+00  0.00000E+00  0.25046E-01  0.61618E-02
 0.120000E+04 0.130000E-01  0.00000E+00  0.00000E+00  0.87539E+00  0.40860E-01  0.87539E+00  0.41452E-01
 0.150000E+04 0.200000E-01  0.73274E+00  0.52587E-01  0.66605E+00  0.38039E-01  0.68544E+00  0.30571E-01
 0.150000E+04 0.320000E-01  0.59479E+00  0.41775E-01  0.63567E+00  0.28743E-01  0.62261E+00  0.23705E-01
 0.150000E+04 0.500000E-01  0.58012E+00  0.34666E-01  0.58514E+00  0.23877E-01  0.58356E+00  0.19598E-01
 0.150000E+04 0.800000E-01  0.42582E+00  0.26362E-01  0.42919E+00  0.18654E-01  0.42808E+00  0.15255E-01
 0.150000E+04 0.130000E+00  0.34453E+00  0.25659E-01  0.34855E+00  0.17703E-01  0.34729E+00  0.14629E-01
 0.150000E+04 0.180000E+00  0.33041E+00  0.25997E-01  0.30416E+00  0.16043E-01  0.31143E+00  0.13663E-01
 0.150000E+04 0.250000E+00  0.22604E+00  0.21934E-01  0.25720E+00  0.15912E-01  0.24636E+00  0.12932E-01
 0.150000E+04 0.400000E+00  0.10626E+00  0.16700E-01  0.12894E+00  0.11946E-01  0.12083E+00  0.97074E-02
 0.150000E+04 0.650000E+00  0.17326E-01  0.58548E-02  0.00000E+00  0.00000E+00  0.17326E-01  0.58067E-02
 0.200000E+04 0.320000E-01  0.63714E+00  0.48092E-01  0.62690E+00  0.36078E-01  0.63031E+00  0.29019E-01
 0.200000E+04 0.500000E-01  0.46859E+00  0.41143E-01  0.52263E+00  0.26195E-01  0.50695E+00  0.22097E-01
 0.200000E+04 0.800000E-01  0.40559E+00  0.31621E-01  0.44487E+00  0.21518E-01  0.43247E+00  0.17754E-01
 0.200000E+04 0.130000E+00  0.36774E+00  0.31609E-01  0.39936E+00  0.22299E-01  0.38878E+00  0.18239E-01
 0.200000E+04 0.180000E+00  0.34206E+00  0.30411E-01  0.32217E+00  0.19283E-01  0.32787E+00  0.16285E-01
 0.200000E+04 0.250000E+00  0.23269E+00  0.24000E-01  0.24405E+00  0.17705E-01  0.24003E+00  0.14250E-01
 0.200000E+04 0.400000E+00  0.10948E+00  0.17044E-01  0.11983E+00  0.13584E-01  0.11584E+00  0.10613E-01
 0.200000E+04 0.650000E+00  0.30837E-01  0.88014E-02  0.00000E+00  0.00000E+00  0.30837E-01  0.86922E-02
 0.300000E+04 0.500000E-01  0.54881E+00  0.36931E-01  0.54238E+00  0.33962E-01  0.54537E+00  0.24990E-01
 0.300000E+04 0.800000E-01  0.43537E+00  0.30879E-01  0.40580E+00  0.25160E-01  0.41765E+00  0.19534E-01
 0.300000E+04 0.130000E+00  0.34063E+00  0.28360E-01  0.35540E+00  0.25078E-01  0.34902E+00  0.18813E-01
 0.300000E+04 0.180000E+00  0.31097E+00  0.29546E-01  0.31284E+00  0.22485E-01  0.31214E+00  0.17923E-01
 0.300000E+04 0.250000E+00  0.19352E+00  0.21612E-01  0.22341E+00  0.18901E-01  0.21051E+00  0.14235E-01
 0.300000E+04 0.400000E+00  0.10780E+00  0.14827E-01  0.13064E+00  0.14535E-01  0.11949E+00  0.10413E-01
 0.300000E+04 0.650000E+00  0.12137E-01  0.48718E-02  0.20730E-01  0.35029E-02  0.17797E-01  0.28220E-02
 0.500000E+04 0.800000E-01  0.41980E+00  0.34359E-01  0.41743E+00  0.24531E-01  0.41823E+00  0.19950E-01
 0.500000E+04 0.130000E+00  0.33731E+00  0.32517E-01  0.36199E+00  0.25805E-01  0.35247E+00  0.20211E-01
 0.500000E+04 0.180000E+00  0.26380E+00  0.27762E-01  0.26528E+00  0.21258E-01  0.26474E+00  0.16883E-01
 0.500000E+04 0.250000E+00  0.29999E+00  0.33990E-01  0.21877E+00  0.20626E-01  0.24056E+00  0.17629E-01
 0.500000E+04 0.400000E+00  0.12894E+00  0.16974E-01  0.11411E+00  0.14633E-01  0.12041E+00  0.11084E-01
 0.500000E+04 0.650000E+00  0.76973E-02  0.35891E-02  0.00000E+00  0.00000E+00  0.76973E-02  0.35733E-02
 0.800000E+04 0.130000E+00  0.34128E+00  0.40470E-01  0.30907E+00  0.29983E-01  0.32040E+00  0.24081E-01
 0.800000E+04 0.180000E+00  0.36051E+00  0.40431E-01  0.27200E+00  0.30188E-01  0.30371E+00  0.24204E-01
 0.800000E+04 0.250000E+00  0.22089E+00  0.31672E-01  0.20000E+00  0.24689E-01  0.20789E+00  0.19486E-01
 0.800000E+04 0.400000E+00  0.97462E-01  0.20086E-01  0.96982E-01  0.17054E-01  0.97184E-01  0.13000E-01
 0.800000E+04 0.650000E+00  0.22530E-01  0.70627E-02  0.12368E-01  0.50742E-02  0.15879E-01  0.41218E-02
 0.120000E+05 0.180000E+00  0.23667E+00  0.52538E-01  0.31793E+00  0.38974E-01  0.28921E+00  0.31311E-01
 0.120000E+05 0.250000E+00  0.11489E+00  0.33443E-01  0.19468E+00  0.34978E-01  0.15304E+00  0.24177E-01
 0.120000E+05 0.400000E+00  0.41755E-01  0.20050E-01  0.86900E-01  0.19734E-01  0.64770E-01  0.14061E-01
 0.120000E+05 0.650000E+00  0.17310E-01  0.86744E-02  0.00000E+00  0.00000E+00  0.17310E-01  0.86778E-02
 0.200000E+05 0.250000E+00  0.10611E+00  0.39009E-01  0.92088E-01  0.26025E-01  0.96336E-01  0.21626E-01
 0.200000E+05 0.400000E+00  0.37235E-01  0.21851E-01  0.62351E-01  0.27584E-01  0.46963E-01  0.17131E-01
 0.200000E+05 0.650000E+00  0.10476E-01  0.85896E-02  0.00000E+00  0.00000E+00  0.10476E-01  0.85921E-02
 0.300000E+05 0.400000E+00  0.16560E+00  0.56232E-01  0.49333E-01  0.41435E-01  0.85839E-01  0.33458E-01
