   1   1    100.000000      0.001310      0.000000      1.450000      1.443221
   1   1    100.000000      0.002000      0.000000      1.388000      1.384579
   1   1    120.000000      0.001580      0.000000      1.404000      1.406849
   1   1    120.000000      0.002000      0.000000      1.338000      1.335576
   1   1    120.000000      0.003200      0.000000      1.220000      1.226061
   1   1    150.000000      0.001970      0.000000      1.398000      1.395718
   1   1    150.000000      0.003200      0.000000      1.225000      1.219207
   1   1    150.000000      0.005000      0.000000      1.061000      1.060725
   1   1    150.000000      0.008000      0.000000      0.940000      0.953551
   1   1    200.000000      0.002630      0.000000      1.284000      1.289962
   1   1    200.000000      0.003200      0.000000      1.242000      1.238404
   1   2    200.000000      0.005000      0.567150      1.091000      1.086454
   1   2    200.000000      0.008000     -0.308147      0.956000      0.954573
   1   2    200.000000      0.013000      0.334022      0.801000      0.802601
   1   2    200.000000      0.020000     -1.100440      0.713000      0.716988
   1   2    200.000000      0.032000     -0.001860      0.583000      0.589328
   1   2    200.000000      0.050000      0.047048      0.516000      0.519628
   1   2    200.000000      0.080000      1.811443      0.401000      0.404220
   1   1    200.000000      0.130000      0.000000      0.345000      0.353471
   1   1    200.000000      0.250000      0.000000      0.259000      0.268875
   1   1    200.000000      0.400000      0.000000      0.129000      0.136609
   1   1    250.000000      0.003280      0.000000      1.250000      1.254989
   1   1    250.000000      0.005000      0.000000      1.120000      1.114465
   1   2    250.000000      0.008000      0.851566      0.943000      0.938644
   1   2    250.000000      0.013000     -0.068305      0.833000      0.833876
   1   2    250.000000      0.020000      0.150302      0.710000      0.709602
   1   2    250.000000      0.032000      0.501761      0.577000      0.578206
   1   2    250.000000      0.050000      0.429812      0.514000      0.513381
   1   2    250.000000      0.080000      0.353492      0.420000      0.419695
   1   1    250.000000      0.130000      0.000000      0.342000      0.345368
   1   1    250.000000      0.250000      0.000000      0.273000      0.280084
   1   1    250.000000      0.400000      0.000000      0.137000      0.143770
   1   1    300.000000      0.003940      0.000000      1.189000      1.189570
   1   1    300.000000      0.005000      0.000000      1.132000      1.137931
   1   2    300.000000      0.008000     -0.170404      0.995000      0.983321
   1   2    300.000000      0.013000     -1.017784      0.842000      0.836714
   1   2    300.000000      0.020000     -0.562522      0.708000      0.708033
   1   2    300.000000      0.032000      0.114607      0.607000      0.605830
   1   2    300.000000      0.050000      0.521906      0.491000      0.490373
   1   2    300.000000      0.080000     -0.606845      0.440000      0.438610
   1   1    300.000000      0.130000      0.000000      0.355000      0.355911
   1   1    300.000000      0.250000      0.000000      0.260000      0.268048
   1   1    300.000000      0.400000      0.000000      0.152000      0.156921
   1   1    400.000000      0.005250      0.000000      1.162000      1.165882
   1   2    400.000000      0.008000      0.265523      1.026000      1.024447
   1   2    400.000000      0.013000     -1.565136      0.893000      0.886285
   1   2    400.000000      0.020000     -1.002501      0.731000      0.723401
   1   2    400.000000      0.032000      0.310070      0.608000      0.606608
   1   2    400.000000      0.050000     -0.193007      0.513000      0.512238
   1   2    400.000000      0.080000      0.444492      0.445000      0.441981
   1   2    400.000000      0.130000      0.492552      0.356000      0.356070
   1   2    400.000000      0.250000      0.431156      0.244000      0.250034
   1   1    400.000000      0.400000      0.000000      0.150000      0.155236
   1   1    500.000000      0.006560      0.000000      1.021000      1.023816
   1   1    500.000000      0.008000      0.000000      1.032000      1.033113
   1   1    500.000000      0.013000      0.000000      0.896000      0.893090
   1   1    500.000000      0.020000      0.000000      0.720000      0.721668
   1   1    500.000000      0.032000      0.000000      0.619000      0.616308
   1   1    500.000000      0.050000      0.000000      0.536000      0.531075
   1   1    500.000000      0.080000      0.000000      0.440000      0.437269
   1   1    500.000000      0.130000      0.000000      0.344000      0.339671
   1   1    500.000000      0.180000      0.000000      0.294000      0.293389
   1   1    500.000000      0.250000      0.000000      0.269000      0.272333
   1   1    500.000000      0.400000      0.000000      0.166000      0.171214
   1   1    650.000000      0.008530      0.000000      0.989000      0.991433
   1   2    650.000000      0.013000      0.060496      0.862000      0.859272
   1   2    650.000000      0.020000      0.237974      0.750000      0.743459
   1   2    650.000000      0.032000      0.333101      0.609000      0.606755
   1   2    650.000000      0.050000      0.593127      0.519000      0.517519
   1   2    650.000000      0.080000     -0.191479      0.442000      0.443066
   1   2    650.000000      0.130000     -0.991185      0.375000      0.374467
   1   1    650.000000      0.180000      0.000000      0.299000      0.301142
   1   2    650.000000      0.250000     -0.445390      0.253000      0.258474
   1   1    650.000000      0.400000      0.000000      0.147000      0.155107
   1   1    800.000000      0.010500      0.000000      0.948000      0.951836
   1   2    800.000000      0.013000     -0.458231      0.864000      0.870049
   1   2    800.000000      0.020000      0.238590      0.755000      0.751204
   1   2    800.000000      0.032000      1.860332      0.584000      0.584389
   1   2    800.000000      0.050000     -1.033322      0.554000      0.548989
   1   2    800.000000      0.080000      0.002442      0.451000      0.451140
   1   2    800.000000      0.130000      0.173292      0.358000      0.358398
   1   1    800.000000      0.180000      0.000000      0.324000      0.322046
   1   2    800.000000      0.250000     -0.093985      0.257000      0.263021
   1   1    800.000000      0.400000      0.000000      0.128000      0.131647
   1   1    800.000000      0.650000      0.000000      0.018600      0.019419
   1   1   1000.000000      0.013000      0.000000      0.886000      0.886919
   1   1   1000.000000      0.020000      0.000000      0.745000      0.741630
   1   1   1000.000000      0.032000      0.000000      0.653000      0.652363
   1   1   1000.000000      0.050000      0.000000      0.556000      0.557284
   1   1   1000.000000      0.080000      0.000000      0.461000      0.458869
   1   1   1000.000000      0.130000      0.000000      0.412000      0.407073
   1   1   1000.000000      0.180000      0.000000      0.319000      0.319735
   1   1   1000.000000      0.250000      0.000000      0.263000      0.263163
   1   1   1000.000000      0.400000      0.000000      0.130000      0.131339
   1   1   1000.000000      0.650000      0.000000      0.022100      0.023583
   1   2   1200.000000      0.020000      0.373241      0.777000      0.774250
   1   2   1200.000000      0.032000      0.130916      0.648000      0.641416
   1   2   1200.000000      0.050000      1.617775      0.476000      0.480220
   1   2   1200.000000      0.080000     -0.405020      0.468000      0.469186
   1   2   1200.000000      0.130000     -2.228086      0.422000      0.421645
   1   1   1200.000000      0.180000      0.000000      0.324000      0.324010
   1   2   1200.000000      0.250000     -1.248687      0.268000      0.269613
   1   2   1200.000000      0.400000      0.358968      0.118000      0.122470
   1   1   1200.000000      0.650000      0.000000      0.023800      0.025046
   1   2   1500.000000      0.020000     -1.076346      0.728000      0.732735
   1   2   1500.000000      0.032000      0.814011      0.597000      0.594792
   1   2   1500.000000      0.050000      0.120487      0.585000      0.580117
   1   2   1500.000000      0.080000      0.105132      0.427000      0.425824
   1   2   1500.000000      0.130000      0.130391      0.344000      0.344531
   1   2   1500.000000      0.180000     -0.880818      0.329000      0.330408
   1   2   1500.000000      0.250000      1.169266      0.226000      0.226035
   1   2   1500.000000      0.400000      1.150555      0.104000      0.106263
   1   1   1500.000000      0.650000      0.000000      0.016600      0.017326
   1   2   2000.000000      0.032000     -0.175960      0.642000      0.637143
   1   2   2000.000000      0.050000      1.116754      0.472000      0.468594
   1   2   2000.000000      0.080000      1.039212      0.405000      0.405592
   1   2   2000.000000      0.130000      0.824136      0.368000      0.367738
   1   2   2000.000000      0.180000     -0.554087      0.342000      0.342060
   1   2   2000.000000      0.250000      0.384347      0.233000      0.232691
   1   2   2000.000000      0.400000      0.495169      0.108000      0.109484
   1   1   2000.000000      0.650000      0.000000      0.029400      0.030837
   1   2   3000.000000      0.050000     -0.129216      0.551000      0.548814
   1   2   3000.000000      0.080000     -0.750279      0.439000      0.435368
   1   2   3000.000000      0.130000      0.393792      0.340000      0.340630
   1   2   3000.000000      0.180000      0.050992      0.313000      0.310975
   1   2   3000.000000      0.250000      1.054075      0.195000      0.193519
   1   2   3000.000000      0.400000      1.117124      0.108000      0.107798
   1   2   3000.000000      0.650000      1.476221      0.011800      0.012137
   1   2   5000.000000      0.080000     -0.056839      0.422000      0.419804
   1   2   5000.000000      0.130000      0.596251      0.339000      0.337307
   1   2   5000.000000      0.180000      0.042616      0.263000      0.263800
   1   2   5000.000000      0.250000     -2.060235      0.301000      0.299988
   1   2   5000.000000      0.400000     -0.663899      0.130000      0.128943
   1   1   5000.000000      0.650000      0.000000      0.007600      0.007697
   1   2   8000.000000      0.130000     -0.641894      0.344000      0.341283
   1   2   8000.000000      0.180000     -1.760412      0.361000      0.360508
   1   2   8000.000000      0.250000     -0.523017      0.224000      0.220893
   1   2   8000.000000      0.400000     -0.018294      0.098200      0.097462
   1   2   8000.000000      0.650000     -1.179632      0.022800      0.022530
   1   2  12000.000000      0.180000      1.248331      0.233000      0.236674
   1   2  12000.000000      0.250000      1.651640      0.117000      0.114885
   1   2  12000.000000      0.400000      1.608946      0.042400      0.041755
   1   1  12000.000000      0.650000      0.000000      0.017900      0.017310
   1   2  20000.000000      0.250000     -0.300228      0.106000      0.106106
   1   2  20000.000000      0.400000      0.715742      0.038100      0.037235
   1   1  20000.000000      0.650000      0.000000      0.011000      0.010476
   1   2  30000.000000      0.400000     -1.713379      0.164000      0.165601
   2   2    200.000000      0.005000     -0.567143      1.127000      1.104619
   2   2    200.000000      0.008000      0.308146      0.945400      0.945820
   2   2    200.000000      0.013000     -0.334018      0.816200      0.810305
   2   2    200.000000      0.020000      1.100436      0.701865      0.692210
   2   2    200.000000      0.032000      0.001859      0.592900      0.589287
   2   2    200.000000      0.050000     -0.047056      0.528100      0.520702
   2   2    200.000000      0.080000     -1.811441      0.429600      0.438432
   2   2    250.000000      0.008000     -0.851564      0.972100      0.965000
   2   2    250.000000      0.013000      0.068310      0.829600      0.832027
   2   2    250.000000      0.020000     -0.150297      0.709663      0.713395
   2   2    250.000000      0.032000     -0.501763      0.594900      0.589817
   2   2    250.000000      0.050000     -0.429810      0.528100      0.521851
   2   2    250.000000      0.080000     -0.353491      0.421700      0.425152
   2   2    300.000000      0.008000      0.170403      0.984614      0.977354
   2   2    300.000000      0.013000      1.017780      0.814285      0.807775
   2   2    300.000000      0.020000      0.562518      0.699741      0.693080
   2   2    300.000000      0.032000     -0.114612      0.609613      0.608649
   2   2    300.000000      0.050000     -0.521904      0.507479      0.501466
   2   2    300.000000      0.080000      0.606841      0.425912      0.427711
   2   2    400.000000      0.008000     -0.265523      1.053288      1.035425
   2   2    400.000000      0.013000      1.565135      0.837423      0.831561
   2   2    400.000000      0.020000      1.002504      0.686919      0.692015
   2   2    400.000000      0.032000     -0.310068      0.626730      0.614697
   2   2    400.000000      0.050000      0.193012      0.505879      0.507901
   2   2    400.000000      0.080000     -0.444491      0.448141      0.450428
   2   2    400.000000      0.130000     -0.492550      0.364215      0.364288
   2   2    400.000000      0.250000     -0.431158      0.263693      0.257111
   2   2    650.000000      0.013000     -0.060494      0.864300      0.861730
   2   2    650.000000      0.020000     -0.237977      0.753211      0.752668
   2   2    650.000000      0.032000     -0.333103      0.632500      0.617517
   2   2    650.000000      0.050000     -0.593124      0.533400      0.533940
   2   2    650.000000      0.080000      0.191480      0.445900      0.438423
   2   2    650.000000      0.130000      0.991183      0.353200      0.352860
   2   2    650.000000      0.250000      0.445392      0.249500      0.248686
   2   2    800.000000      0.013000      0.458231      0.857600      0.844549
   2   2    800.000000      0.020000     -0.238591      0.752095      0.761751
   2   2    800.000000      0.032000     -1.860332      0.661200      0.652871
   2   2    800.000000      0.050000      1.033322      0.515300      0.517231
   2   2    800.000000      0.080000     -0.002442      0.452300      0.451208
   2   2    800.000000      0.130000     -0.173294      0.360300      0.362756
   2   2    800.000000      0.250000      0.093984      0.259400      0.260669
   2   2   1200.000000      0.020000     -0.373240      0.802428      0.793859
   2   2   1200.000000      0.032000     -0.130917      0.659500      0.646840
   2   2   1200.000000      0.050000     -1.617778      0.540900      0.533120
   2   2   1200.000000      0.080000      0.405018      0.460400      0.457222
   2   2   1200.000000      0.130000      2.228089      0.355900      0.358030
   2   2   1200.000000      0.250000      1.248687      0.242300      0.241552
   2   2   1200.000000      0.400000     -0.358969      0.138300      0.129598
   2   2   1500.000000      0.020000      1.076345      0.686681      0.666050
   2   2   1500.000000      0.032000     -0.814013      0.637800      0.635667
   2   2   1500.000000      0.050000     -0.120484      0.584900      0.585135
   2   2   1500.000000      0.080000     -0.105133      0.435700      0.429187
   2   2   1500.000000      0.130000     -0.130389      0.343900      0.348552
   2   2   1500.000000      0.180000      0.880817      0.310200      0.304155
   2   2   1500.000000      0.250000     -1.169266      0.261100      0.257201
   2   2   1500.000000      0.400000     -1.150556      0.132500      0.128937
   2   2   2000.000000      0.032000      0.175962      0.623700      0.626896
   2   2   2000.000000      0.050000     -1.116752      0.522100      0.522631
   2   2   2000.000000      0.080000     -1.039213      0.444300      0.444871
   2   2   2000.000000      0.130000     -0.824136      0.399800      0.399355
   2   2   2000.000000      0.180000      0.554086      0.322300      0.322167
   2   2   2000.000000      0.250000     -0.384347      0.244900      0.244052
   2   2   2000.000000      0.400000     -0.495168      0.127100      0.119827
   2   2   3000.000000      0.050000      0.129218      0.543400      0.542384
   2   2   3000.000000      0.080000      0.750278      0.412100      0.405799
   2   2   3000.000000      0.130000     -0.393793      0.349800      0.355397
   2   2   3000.000000      0.180000     -0.050991      0.316800      0.312840
   2   2   3000.000000      0.250000     -1.054075      0.229400      0.223412
   2   2   3000.000000      0.400000     -1.117124      0.135300      0.130637
   2   2   3000.000000      0.650000     -1.476221      0.020190      0.020730
   2   2   5000.000000      0.080000      0.056838      0.417100      0.417426
   2   2   5000.000000      0.130000     -0.596250      0.360600      0.361990
   2   2   5000.000000      0.180000     -0.042617      0.270300      0.265285
   2   2   5000.000000      0.250000      2.060235      0.216800      0.218769
   2   2   5000.000000      0.400000      0.663899      0.112100      0.114113
   2   2   8000.000000      0.130000      0.641893      0.305700      0.309069
   2   2   8000.000000      0.180000      1.760413      0.273300      0.271996
   2   2   8000.000000      0.250000      0.523017      0.200600      0.200002
   2   2   8000.000000      0.400000      0.018294      0.096680      0.096982
   2   2   8000.000000      0.650000      1.179631      0.012750      0.012368
   2   2  12000.000000      0.180000     -1.248331      0.319900      0.317928
   2   2  12000.000000      0.250000     -1.651640      0.198500      0.194679
   2   2  12000.000000      0.400000     -1.608946      0.090170      0.086900
   2   2  20000.000000      0.250000      0.300228      0.088320      0.092088
   2   2  20000.000000      0.400000     -0.715741      0.063280      0.062351
   2   2  30000.000000      0.400000      1.713379      0.053940      0.049333
   2   1    200.000000      0.180000      0.000000      0.333100      0.305543
   2   1    250.000000      0.180000      0.000000      0.324300      0.309749
   2   1    300.000000      0.180000      0.000000      0.311438      0.314483
   2   1   1200.000000      0.013000      0.000000      0.866205      0.875386
