*  Total number of systematic sources *
   14
* 
* Correlation matrix for systematic sources
* 
   1  1.000000  0.162995  0.119974  0.173474 -0.015118  0.000000 -0.057881 -0.004389 -0.005112 -0.109546 -0.102646  0.212209 -0.029904  0.041576
   2  0.162995  1.000000 -0.083894  0.187740 -0.015813  0.000000  0.066506 -0.002853  0.006785  0.149704  0.090348 -0.218655  0.073379  0.026761
   3  0.119974 -0.083894  1.000000 -0.223085  0.022505  0.000000 -0.016458  0.007845 -0.011142 -0.209023 -0.002617 -0.113732 -0.072773  0.048379
   4  0.173474  0.187740 -0.223085  1.000000 -0.006875  0.000000 -0.052221 -0.009531  0.009333 -0.207312 -0.109735  0.065463  0.249161 -0.161613
   5 -0.015118 -0.015813  0.022505 -0.006875  1.000000  0.000000  0.015324 -0.001123 -0.001123  0.063473  0.002928 -0.008773  0.025517 -0.004074
   6  0.000000  0.000000  0.000000  0.000000  0.000000  1.000000  0.000000  0.000000  0.000000  0.000000  0.000000  0.000000  0.000000  0.000000
   7 -0.057881  0.066506 -0.016458 -0.052221  0.015324  0.000000  1.000000 -0.005814 -0.005839 -0.088904 -0.035406  0.051773 -0.037333 -0.008604
   8 -0.004389 -0.002853  0.007845 -0.009531 -0.001123  0.000000 -0.005814  1.000000 -0.001709  0.027633 -0.000440  0.004821 -0.008000  0.005822
   9 -0.005112  0.006785 -0.011142  0.009333 -0.001123  0.000000 -0.005839 -0.001709  1.000000 -0.013071 -0.001156 -0.009864  0.028619  0.000835
  10 -0.109546  0.149704 -0.209023 -0.207312  0.063473  0.000000 -0.088904  0.027633 -0.013071  1.000000 -0.109483  0.140752 -0.215267  0.009886
  11 -0.102646  0.090348 -0.002617 -0.109735  0.002928  0.000000 -0.035406 -0.000440 -0.001156 -0.109483  1.000000  0.129974 -0.016249 -0.023342
  12  0.212209 -0.218655 -0.113732  0.065463 -0.008773  0.000000  0.051773  0.004821 -0.009864  0.140752  0.129974  1.000000 -0.231263  0.045317
  13 -0.029904  0.073379 -0.072773  0.249161  0.025517  0.000000 -0.037333 -0.008000  0.028619 -0.215267 -0.016249 -0.231263  1.000000 -0.000009
  14  0.041576  0.026761  0.048379 -0.161613 -0.004074  0.000000 -0.008604  0.005822  0.000835  0.009886 -0.023342  0.045317 -0.000009  1.000000
  151     AVE 14 14  615 90200.000 O 1 2 3 4 5 6 7 8 91011121314
 0.1310000E-02 0.8462958E+00 0.1000000E+03 0.1443220E+01 0.2314559E-01 0.5051225E-01 0.5826728E-01
  0.2377  0.3966 -0.0741  0.0546  0.0000  1.1000  0.0000  0.0000  0.0000  0.0000  0.0000  0.0000  0.0000  0.0000
 0.2000000E-02 0.5543237E+00 0.1000000E+03 0.1384579E+01 0.1940780E-01 0.2907543E-01 0.3996220E-01
 -0.1782 -0.4759  0.9628  0.0546 -0.8928  0.0000  0.0000  0.0000  0.0000  0.0000  0.0000  0.0000  0.0000  0.0000
 0.1580000E-02 0.8420107E+00 0.1200000E+03 0.1406849E+01 0.2529761E-01 0.3798487E-01 0.4765537E-01
 -0.2377 -0.2380  0.1481  0.0546  0.0000  0.9000  0.0000  0.0000  0.0000  0.0000  0.0000  0.0000  0.0000  0.0000
 0.2000000E-02 0.6651884E+00 0.1200000E+03 0.1335576E+01 0.2005160E-01 0.2671097E-01 0.3791754E-01
 -0.2377 -0.2380  0.5925  0.1092 -1.1904  0.0000  0.0000  0.0000  0.0000  0.0000  0.0000  0.0000  0.0000  0.0000
 0.3200000E-02 0.4157428E+00 0.1200000E+03 0.1226061E+01 0.1589932E-01 0.2206903E-01 0.3052866E-01
 -0.1782 -0.8726  0.4444  0.0546 -0.4960  0.0000  0.0000  0.0000  0.0000  0.0000  0.0000  0.0000  0.0000  0.0000
 0.1970000E-02 0.8441477E+00 0.1500000E+03 0.1395718E+01 0.2793697E-01 0.3768384E-01 0.4898250E-01
 -0.4159  0.2380  0.2222  0.0546  0.0000  0.9000  0.0000  0.0000  0.0000  0.0000  0.0000  0.0000  0.0000  0.0000
 0.3200000E-02 0.5196785E+00 0.1500000E+03 0.1219207E+01 0.1466491E-01 0.2560232E-01 0.3253896E-01
  0.1188 -0.5553  0.7406  0.4912 -0.5952  0.0000  0.0000  0.0000  0.0000  0.0000  0.0000  0.0000  0.0000  0.0000
 0.5000000E-02 0.3325942E+00 0.1500000E+03 0.1060725E+01 0.1273020E-01 0.2121399E-01 0.2557487E-01
 -0.0594 -0.4759  0.2962  0.3820 -0.0992  0.0000  0.0000  0.0000  0.0000  0.0000  0.0000  0.0000  0.0000  0.0000
 0.8000000E-02 0.2078714E+00 0.1500000E+03 0.9535506E+00 0.1514849E-01 0.2479385E-01 0.3065420E-01
 -0.3565 -0.4760 -0.6666 -0.4366  0.0000  0.0000  0.0000  0.0000  0.0000  0.0000  0.0000  0.0000  0.0000  0.0000
 0.2630000E-02 0.8430779E+00 0.2000000E+03 0.1289962E+01 0.2831353E-01 0.3353908E-01 0.4573290E-01
  0.1188 -0.7139  0.0741  0.0546  0.0000  0.7000  0.0000  0.0000  0.0000  0.0000  0.0000  0.0000  0.0000  0.0000
 0.3200000E-02 0.6929047E+00 0.2000000E+03 0.1238404E+01 0.2356354E-01 0.2724425E-01 0.3863622E-01
 -0.1188  0.0000  0.2222  0.2729 -1.0912  0.0000  0.0000  0.0000  0.0000  0.0000  0.0000  0.0000  0.0000  0.0000
 0.5000000E-02 0.4434590E+00 0.2000000E+03 0.1099483E+01 0.1240019E-01 0.7365552E-02 0.1793060E-01
  0.0000 -0.1346  0.1884  0.1389 -0.0561  0.0000 -0.2733  0.0000  0.0036 -0.6958 -0.2293  0.1489 -0.6101  0.0047
 0.8000000E-02 0.2771618E+00 0.2000000E+03 0.9481911E+00 0.1055002E-01 0.6931462E-02 0.1414792E-01
  0.0322 -0.1289  0.1003  0.0887  0.0000  0.0000 -0.0733  0.0000 -0.0265 -0.4789 -0.2258  0.2184  0.2253 -0.0109
 0.1300000E-01 0.1705611E+00 0.2000000E+03 0.8082236E+00 0.9084583E-02 0.4725429E-02 0.1100182E-01
  0.0482 -0.1500  0.0000  0.0737  0.0000  0.0000 -0.0976  0.0000 -0.0060 -0.2872 -0.2232  0.2635 -0.0865 -0.0351
 0.2000000E-01 0.1108648E+00 0.2000000E+03 0.7001765E+00 0.9091143E-02 0.5286566E-02 0.1113767E-01
 -0.0764 -0.1020 -0.0952  0.0351  0.0000  0.0000 -0.0796  0.0000  0.0000 -0.1156 -0.2089  0.2943 -0.3062 -0.1001
 0.3200000E-01 0.6929046E-01 0.2000000E+03 0.5893000E+00 0.7966358E-02 0.6465562E-02 0.1098454E-01
 -0.1333 -0.1526 -0.1899  0.0175  0.0000  0.0000 -0.1022  0.0000 -0.0030  0.0068 -0.2060  0.5296  0.1127 -0.2071
 0.5000000E-01 0.4434590E-01 0.2000000E+03 0.5204945E+00 0.7470932E-02 0.5054489E-02 0.9696017E-02
 -0.1839 -0.1074 -0.0860  0.2006  0.0000  0.0000 -0.1052  0.0000  0.0000 -0.1211 -0.2393  0.2102 -0.4012 -0.3428
 0.8000000E-01 0.2771619E-01 0.2000000E+03 0.4339259E+00 0.5814829E-02 0.2641558E-02 0.9617631E-02
 -0.1330 -0.0418 -0.0585  0.0934  0.0000  0.0000 -0.0906  0.0000  0.0000  0.0472 -0.2796  0.8690  1.5386 -0.3553
 0.1300000E+00 0.1705611E-01 0.2000000E+03 0.3534706E+00 0.9080119E-02 0.1131273E-01 0.1613661E-01
 -0.5348 -0.5554 -0.6667 -1.6376  0.0000  0.0000  0.0000  0.0000  0.0000  0.0000  0.0000  0.0000  0.0000  0.0000
 0.2500000E+00 0.8869180E-02 0.2000000E+03 0.2688747E+00 0.9764946E-02 0.1129499E-01 0.1741164E-01
  0.1189 -0.5554 -1.4815 -3.2207  0.0000  0.0000  0.0000  0.0000  0.0000  0.0000  0.0000  0.0000  0.0000  0.0000
 0.4000000E+00 0.5543237E-02 0.2000000E+03 0.1366094E+00 0.6373252E-02 0.5876496E-02 0.1235823E-01
 -0.7133 -0.6348 -0.5927 -6.2242  0.0000  0.0000  0.0000  0.0000  0.0000  0.0000  0.0000  0.0000  0.0000  0.0000
 0.3280000E-02 0.8450057E+00 0.2500000E+03 0.1254989E+01 0.3131228E-01 0.3388467E-01 0.4855650E-01
 -0.1782 -0.7139  0.4444  0.0000  0.0000  0.8000  0.0000  0.0000  0.0000  0.0000  0.0000  0.0000  0.0000  0.0000
 0.5000000E-02 0.5543237E+00 0.2500000E+03 0.1114465E+01 0.1787530E-01 0.2340281E-01 0.3069533E-01
 -0.0594 -0.2380  0.5925  0.4366 -0.3968  0.0000  0.0000  0.0000  0.0000  0.0000  0.0000  0.0000  0.0000  0.0000
 0.8000000E-02 0.3464523E+00 0.2500000E+03 0.9564078E+00 0.1194225E-01 0.8237211E-02 0.1547759E-01
  0.0775 -0.1293  0.1449  0.1601  0.0000  0.0000 -0.1026  0.0000 -0.0036 -0.3862 -0.2004  0.0681 -0.1623 -0.0085
 0.1300000E-01 0.2132014E+00 0.2500000E+03 0.8325561E+00 0.1062851E-01 0.6046191E-02 0.1297208E-01
  0.0850 -0.0908 -0.0847  0.0937  0.0000  0.0000 -0.0944  0.0000  0.0033 -0.2633 -0.2342  0.1059  0.2475 -0.0294
 0.2000000E-01 0.1385809E+00 0.2500000E+03 0.7120191E+00 0.1004274E-01 0.6808209E-02 0.1269701E-01
  0.1293 -0.2015  0.0537  0.1188  0.0000  0.0000 -0.1224  0.0000  0.0000  0.0028 -0.1974  0.1557  0.3256 -0.0857
 0.3200000E-01 0.8661308E-01 0.2500000E+03 0.5861658E+00 0.9013856E-02 0.5846939E-02 0.1155303E-01
  0.1868 -0.1995 -0.0932  0.1030  0.0000  0.0000 -0.1284  0.0000 -0.0040 -0.2683 -0.2261  0.4617  0.0115 -0.1920
 0.5000000E-01 0.5543237E-01 0.2500000E+03 0.5192421E+00 0.7722025E-02 0.4809063E-02 0.9794666E-02
  0.0915 -0.1466 -0.0912  0.2689  0.0000  0.0000 -0.0634  0.0000  0.0000 -0.3491 -0.2069  0.2481 -0.2105 -0.2682
 0.8000000E-01 0.3464523E-01 0.2500000E+03 0.4237353E+00 0.5882309E-02 0.3348351E-02 0.9860662E-02
  0.1543 -0.2059 -0.0961  0.2692  0.0000  0.0000 -0.1615  0.0000  0.0000 -0.1767 -0.2257  1.2804  1.0853 -0.2574
 0.1300000E+00 0.2132014E-01 0.2500000E+03 0.3453677E+00 0.6873733E-02 0.1208836E-01 0.1438930E-01
  0.7130 -0.6346 -0.5925 -0.6004  0.0000  0.0000  0.0000  0.0000  0.0000  0.0000  0.0000  0.0000  0.0000  0.0000
 0.2500000E+00 0.1108647E-01 0.2500000E+03 0.2800840E+00 0.7466394E-02 0.1596638E-01 0.1948691E-01
  1.4855 -0.8727 -1.1110 -2.7291  0.0000  0.0000  0.0000  0.0000  0.0000  0.0000  0.0000  0.0000  0.0000  0.0000
 0.4000000E+00 0.6929046E-02 0.2500000E+03 0.1437696E+00 0.5193259E-02 0.7908945E-02 0.1256379E-01
  1.1886 -0.7934 -1.1112 -5.8409  0.0000  0.0000  0.0000  0.0000  0.0000  0.0000  0.0000  0.0000  0.0000  0.0000
 0.3940000E-02 0.8441477E+00 0.3000000E+03 0.1189570E+01 0.3211053E-01 0.3211807E-01 0.4675663E-01
 -0.1188 -0.3966  0.4444  0.0546  0.0000  0.7000  0.0000  0.0000  0.0000  0.0000  0.0000  0.0000  0.0000  0.0000
 0.5000000E-02 0.6651885E+00 0.3000000E+03 0.1137931E+01 0.2837404E-01 0.2958620E-01 0.4274366E-01
 -0.5347 -0.5553  0.2222  0.1637 -0.6944  0.0000  0.0000  0.0000  0.0000  0.0000  0.0000  0.0000  0.0000  0.0000
 0.8000000E-02 0.4157428E+00 0.3000000E+03 0.9796908E+00 0.1438230E-01 0.9240620E-02 0.1906539E-01
  0.1163  0.1243  0.2320  0.1710 -0.0388  0.0000 -0.1102  0.0000  0.0207 -0.7404 -0.1362  0.0887 -0.1076  0.0106
 0.1300000E-01 0.2558417E+00 0.3000000E+03 0.8179970E+00 0.1139805E-01 0.7401511E-02 0.1444530E-01
  0.0210 -0.0280  0.1831  0.1542  0.0000  0.0000 -0.0590  0.0000 -0.0384 -0.2897 -0.2058  0.4540  0.0111 -0.0107
 0.2000000E-01 0.1662971E+00 0.3000000E+03 0.6991674E+00 0.1067872E-01 0.7517724E-02 0.1350837E-01
  0.1935 -0.1937  0.0301  0.0444  0.0000  0.0000 -0.1024  0.0000 -0.0053 -0.1991 -0.2005  0.1180 -0.1791 -0.0705
 0.3200000E-01 0.1039357E+00 0.3000000E+03 0.6076135E+00 0.9836036E-02 0.6618889E-02 0.1221222E-01
  0.1964 -0.0583 -0.1360  0.1604  0.0000  0.0000 -0.0957  0.0000  0.0000 -0.1084 -0.2080  0.0697  0.0692 -0.1656
 0.5000000E-01 0.6651884E-01 0.3000000E+03 0.4981451E+00 0.8408947E-02 0.4904980E-02 0.1020190E-01
  0.1779 -0.1900  0.0000  0.1471  0.0000  0.0000 -0.1582  0.0000  0.0029 -0.1507 -0.2230  0.1459 -0.2808 -0.2432
 0.8000000E-01 0.4157428E-01 0.3000000E+03 0.4301630E+00 0.6781142E-02 0.3203985E-02 0.8180145E-02
  0.1203 -0.1428 -0.0500  0.2456  0.0000  0.0000 -0.0987  0.0000  0.0000 -0.2471 -0.2226  0.2026  0.4000 -0.2177
 0.1300000E+00 0.2558417E-01 0.3000000E+03 0.3559113E+00 0.7820084E-02 0.1316894E-01 0.1573086E-01
  0.9507 -0.4760 -0.4444 -0.1092  0.0000  0.0000  0.0000  0.0000  0.0000  0.0000  0.0000  0.0000  0.0000  0.0000
 0.2500000E+00 0.1330377E-01 0.3000000E+03 0.2680485E+00 0.7920186E-02 0.1715675E-01 0.2135557E-01
  2.0203 -0.7933 -1.6295 -3.4387  0.0000  0.0000  0.0000  0.0000  0.0000  0.0000  0.0000  0.0000  0.0000  0.0000
 0.4000000E+00 0.8314855E-02 0.3000000E+03 0.1569214E+00 0.6332389E-02 0.1067168E-01 0.1445265E-01
  2.3174 -1.2693 -0.6666 -4.3666  0.0000  0.0000  0.0000  0.0000  0.0000  0.0000  0.0000  0.0000  0.0000  0.0000
 0.5250000E-02 0.8446838E+00 0.4000000E+03 0.1165882E+01 0.3375425E-01 0.3381059E-01 0.4901426E-01
  0.0000 -0.6346  0.2962  0.0000  0.0000  0.6000  0.0000  0.0000  0.0000  0.0000  0.0000  0.0000  0.0000  0.0000
 0.8000000E-02 0.5543237E+00 0.4000000E+03 0.1031674E+01 0.1727464E-01 0.9278748E-02 0.2323781E-01
  0.1015 -0.2710  0.2024  0.1119 -0.1356  0.0000 -0.4851  0.0000 -0.0937 -0.9396 -0.2064  0.0845 -0.3887 -0.0072
 0.1300000E-01 0.3411223E+00 0.4000000E+03 0.8552875E+00 0.1456219E-01 0.9389957E-02 0.1772790E-01
  0.0258  0.0344  0.2248  0.1893  0.0000  0.0000 -0.0293  0.0000  0.0411 -0.2538 -0.1199  0.0267 -0.1639 -0.0138
 0.2000000E-01 0.2217295E+00 0.4000000E+03 0.7061318E+00 0.1322463E-01 0.8226075E-02 0.1637048E-01
  0.2672  0.1070  0.1332  0.1964  0.0000  0.0000 -0.0974  0.0000  0.0011 -0.0248 -0.1296  0.3564  0.4395 -0.0522
 0.3200000E-01 0.1385809E+00 0.4000000E+03 0.6109009E+00 0.1093290E-01 0.7069756E-02 0.1361313E-01
  0.1673 -0.1489  0.0695  0.1281  0.0000  0.0000 -0.0715  0.0000  0.0000 -0.2583 -0.1716  0.2490 -0.3780 -0.1150
 0.5000000E-01 0.8869179E-01 0.4000000E+03 0.5094258E+00 0.9386851E-02 0.5193410E-02 0.1125812E-01
  0.2924 -0.0558 -0.1822  0.0959  0.0000  0.0000 -0.1186  0.0000  0.0117 -0.2520 -0.1912  0.0965  0.3036 -0.2054
 0.8000000E-01 0.5543238E-01 0.4000000E+03 0.4473599E+00 0.8205105E-02 0.4025257E-02 0.9616644E-02
  0.0647 -0.0576 -0.0269  0.4163  0.0000  0.0000 -0.0882  0.0000  0.0075 -0.0905 -0.2061  0.0402  0.2741 -0.1017
 0.1300000E+00 0.3411223E-01 0.4000000E+03 0.3612772E+00 0.7036761E-02 0.3888171E-02 0.8675630E-02
  0.2830 -0.1453 -0.1357  0.0800  0.0000  0.0000 -0.0971  0.0000  0.0178 -0.0124 -0.2170  0.6906  0.3699  0.0499
 0.2500000E+00 0.1773836E-01 0.4000000E+03 0.2549717E+00 0.5996970E-02 0.4566474E-02 0.8550615E-02
  0.4670 -0.1439 -0.3806 -0.8744  0.0000  0.0000 -0.1348  0.0000  0.0000 -0.0369 -0.2649  0.5334 -0.7624  0.3075
 0.4000000E+00 0.1108647E-01 0.4000000E+03 0.1552360E+00 0.7172838E-02 0.7453089E-02 0.1256832E-01
  1.1292 -0.0793 -1.0371 -4.8039  0.0000  0.0000  0.0000  0.0000  0.0000  0.0000  0.0000  0.0000  0.0000  0.0000
 0.6560000E-02 0.8450057E+00 0.5000000E+03 0.1023816E+01 0.3373935E-01 0.2969052E-01 0.4581678E-01
  0.0594 -0.7139  0.3703  0.0546  0.0000  0.3000  0.0000  0.0000  0.0000  0.0000  0.0000  0.0000  0.0000  0.0000
 0.8000000E-02 0.6929047E+00 0.5000000E+03 0.1033113E+01 0.3613931E-01 0.3099312E-01 0.4814938E-01
 -0.4753 -0.0793  0.2222  0.1092 -0.4960  0.0000  0.0000  0.0000  0.0000  0.0000  0.0000  0.0000  0.0000  0.0000
 0.1300000E-01 0.4264029E+00 0.5000000E+03 0.8930901E+00 0.2146885E-01 0.2411297E-01 0.3421343E-01
  0.7130 -0.8726  0.5925  0.3275 -0.0992  0.0000  0.0000  0.0000  0.0000  0.0000  0.0000  0.0000  0.0000  0.0000
 0.2000000E-01 0.2771619E+00 0.5000000E+03 0.7216677E+00 0.1802059E-01 0.1804121E-01 0.2638858E-01
 -0.2377 -0.7932  0.3703  0.4912  0.0000  0.0000  0.0000  0.0000  0.0000  0.0000  0.0000  0.0000  0.0000  0.0000
 0.3200000E-01 0.1732262E+00 0.5000000E+03 0.6163080E+00 0.1544122E-01 0.1540751E-01 0.2214951E-01
  0.5347 -0.1586  0.1481  0.2183  0.0000  0.0000  0.0000  0.0000  0.0000  0.0000  0.0000  0.0000  0.0000  0.0000
 0.5000000E-01 0.1108647E+00 0.5000000E+03 0.5310751E+00 0.1387174E-01 0.1486992E-01 0.2120622E-01
  0.9506  0.0793  0.0000  0.4366  0.0000  0.0000  0.0000  0.0000  0.0000  0.0000  0.0000  0.0000  0.0000  0.0000
 0.8000000E-01 0.6929047E-01 0.5000000E+03 0.4372692E+00 0.1228163E-01 0.1136884E-01 0.1739416E-01
  0.6536  0.3173 -0.4444  0.4366  0.0000  0.0000  0.0000  0.0000  0.0000  0.0000  0.0000  0.0000  0.0000  0.0000
 0.1300000E+00 0.4264029E-01 0.5000000E+03 0.3396706E+00 0.1162180E-01 0.9170526E-02 0.1575251E-01
  0.4159  0.5552 -0.2962  1.1460  0.0000  0.0000  0.0000  0.0000  0.0000  0.0000  0.0000  0.0000  0.0000  0.0000
 0.1800000E+00 0.3079576E-01 0.5000000E+03 0.2933890E+00 0.1086697E-01 0.1085595E-01 0.1589718E-01
  1.1884  0.4760 -0.5925 -0.7095  0.0000  0.0000  0.0000  0.0000  0.0000  0.0000  0.0000  0.0000  0.0000  0.0000
 0.2500000E+00 0.2217295E-01 0.5000000E+03 0.2723327E+00 0.1245125E-01 0.1252897E-01 0.1910056E-01
  1.6044  0.1587 -0.8148 -2.5655  0.0000  0.0000  0.0000  0.0000  0.0000  0.0000  0.0000  0.0000  0.0000  0.0000
 0.4000000E+00 0.1385809E-01 0.5000000E+03 0.1712140E+00 0.1112793E-01 0.1370007E-01 0.2035121E-01
  3.1497  0.8728 -2.4446 -5.7864  0.0000  0.0000  0.0000  0.0000  0.0000  0.0000  0.0000  0.0000  0.0000  0.0000
 0.8530000E-02 0.8448075E+00 0.6500000E+03 0.9914328E+00 0.3762811E-01 0.3668285E-01 0.5296891E-01
 -0.3565 -0.3966  0.3703  0.0546  0.0000  0.1000  0.0000  0.0000  0.0000  0.0000  0.0000  0.0000  0.0000  0.0000
 0.1300000E-01 0.5543237E+00 0.6500000E+03 0.8610718E+00 0.1640183E-01 0.7381978E-02 0.1965562E-01
 -0.0318 -0.0849  0.1586  0.0877 -0.0531  0.0000 -0.0846  0.0000 -0.0111 -0.7822 -0.2723  0.3176  0.1673 -0.0057
 0.2000000E-01 0.3603104E+00 0.6500000E+03 0.7492754E+00 0.1664271E-01 0.8452930E-02 0.1889433E-01
  0.0438  0.0584  0.2183  0.1206  0.0000  0.0000 -0.0750  0.0000  0.0416 -0.1285 -0.2135  0.0711  0.0650 -0.0541
 0.3200000E-01 0.2251940E+00 0.6500000E+03 0.6128132E+00 0.1412852E-01 0.7562252E-02 0.1683391E-01
  0.2077 -0.2427  0.1618  0.1908  0.0000  0.0000 -0.1244  0.0000 -0.0362 -0.1518 -0.1141  0.3052 -0.5409 -0.1158
 0.5000000E-01 0.1441242E+00 0.6500000E+03 0.5271340E+00 0.1219074E-01 0.6115463E-02 0.1382838E-01
  0.2463 -0.1644  0.0307  0.1357  0.0000  0.0000 -0.0871  0.0000  0.0192 -0.0262 -0.0825  0.0476  0.1149 -0.1664
 0.8000000E-01 0.9007761E-01 0.6500000E+03 0.4402916E+00 0.1065140E-01 0.5283301E-02 0.1245256E-01
  0.2630 -0.2873 -0.1788  0.1977  0.0000  0.0000 -0.1169  0.0000  0.0436  0.0049 -0.1018  0.4448 -0.3191 -0.0775
 0.1300000E+00 0.5543238E-01 0.6500000E+03 0.3607216E+00 0.9572581E-02 0.4284366E-02 0.1098065E-01
  0.1729 -0.2598 -0.0269  0.2979  0.0000  0.0000 -0.1046  0.0000  0.0000 -0.4898 -0.1268  0.4054  0.2268  0.0745
 0.1800000E+00 0.4003449E-01 0.6500000E+03 0.3011422E+00 0.1290316E-01 0.1355179E-01 0.1951862E-01
  1.7231 -0.8726 -0.8147 -0.5458  0.0000  0.0000  0.0000  0.0000  0.0000  0.0000  0.0000  0.0000  0.0000  0.0000
 0.2500000E+00 0.2882483E-01 0.6500000E+03 0.2509906E+00 0.7885749E-02 0.4974449E-02 0.9745258E-02
  0.4336 -0.1867 -0.3661 -0.5011  0.0000  0.0000 -0.1170  0.0000  0.0000 -0.3584 -0.1791  0.7454  0.2225  0.3319
 0.4000000E+00 0.1801552E-01 0.6500000E+03 0.1551065E+00 0.1223089E-01 0.1225337E-01 0.1988070E-01
  2.6737 -1.4278 -1.9997 -6.1126  0.0000  0.0000  0.0000  0.0000  0.0000  0.0000  0.0000  0.0000  0.0000  0.0000
 0.1050000E-01 0.8446838E+00 0.8000000E+03 0.9518363E+00 0.4274624E-01 0.3997714E-01 0.5939576E-01
  0.5347 -0.9519  0.1481  0.0000  0.0000  0.2000  0.0000  0.0000  0.0000  0.0000  0.0000  0.0000  0.0000  0.0000
 0.1300000E-01 0.6822446E+00 0.8000000E+03 0.8499672E+00 0.2088790E-01 0.9051158E-02 0.2467696E-01
  0.0379 -0.2528  0.0315  0.0348 -0.0632  0.0000 -0.3865 -0.0430 -0.1784 -0.9424 -0.2410  0.3242 -0.2934 -0.0128
 0.2000000E-01 0.4434590E+00 0.8000000E+03 0.7575606E+00 0.1922184E-01 0.9920384E-02 0.2275453E-01
  0.0000 -0.1576  0.2942  0.1735 -0.0394  0.0000 -0.0911  0.0000 -0.0612 -0.3549 -0.2039  0.2360  0.6462 -0.0351
 0.3200000E-01 0.2771618E+00 0.8000000E+03 0.6248823E+00 0.1608070E-01 0.8300474E-02 0.1831113E-01
 -0.1943  0.0000  0.0605  0.0669 -0.0405  0.0000 -0.0721  0.0000 -0.0397 -0.2392 -0.2435  0.0679 -0.3043 -0.1045
 0.5000000E-01 0.1773836E+00 0.8000000E+03 0.5290050E+00 0.1339933E-01 0.6388571E-02 0.1509682E-01
  0.1322  0.1470  0.1373  0.0607  0.0000  0.0000 -0.0957  0.0000  0.0139  0.1783 -0.2680  0.1690  0.2769 -0.1604
 0.8000000E-01 0.1108648E+00 0.8000000E+03 0.4511822E+00 0.1213179E-01 0.5709685E-02 0.1357703E-01
  0.1567 -0.1495 -0.1116  0.1645  0.0000  0.0000 -0.0646  0.0000  0.0150 -0.1936 -0.2176  0.0897  0.0290 -0.0579
 0.1300000E+00 0.6822446E-01 0.8000000E+03 0.3613040E+00 0.1099769E-01 0.4427799E-02 0.1221303E-01
  0.2178 -0.3700  0.0000  0.2364  0.0000  0.0000 -0.0754  0.0000  0.0000 -0.3167 -0.2320  0.0756  0.3473  0.0877
 0.1800000E+00 0.4927322E-01 0.8000000E+03 0.3220458E+00 0.1582796E-01 0.1320373E-01 0.2104201E-01
  1.0695 -0.2380 -0.2962  0.6003  0.0000  0.0000  0.0000  0.0000  0.0000  0.0000  0.0000  0.0000  0.0000  0.0000
 0.2500000E+00 0.3547672E-01 0.8000000E+03 0.2611884E+00 0.9641363E-02 0.3840258E-02 0.1172281E-01
  0.5245 -0.2276 -0.3269 -0.5661  0.0000  0.0000 -0.0878  0.0000 -0.0147  0.3565 -0.1804  1.7215  0.9687  0.3411
 0.4000000E+00 0.2217295E-01 0.8000000E+03 0.1316465E+00 0.1233217E-01 0.1119028E-01 0.1762284E-01
  3.0897 -1.4279 -1.3331 -3.5476  0.0000  0.0000  0.0000  0.0000  0.0000  0.0000  0.0000  0.0000  0.0000  0.0000
 0.6500000E+00 0.1364489E-01 0.8000000E+03 0.1941877E-01 0.3117288E-02 0.2020164E-02 0.3918040E-02
  1.7236  0.5554 -1.6298 -6.7696  0.0000  0.0000  0.0000  0.0000  0.0000  0.0000  0.0000  0.0000  0.0000  0.0000
 0.1300000E-01 0.8528057E+00 0.1000000E+04 0.8869187E+00 0.4432277E-01 0.3281571E-01 0.5643973E-01
 -0.1188 -0.4759  0.4444  0.0546 -1.1904  0.0000  0.0000  0.0000  0.0000  0.0000  0.0000  0.0000  0.0000  0.0000
 0.2000000E-01 0.5543237E+00 0.1000000E+04 0.7416300E+00 0.2898862E-01 0.2224800E-01 0.3731074E-01
  0.0594 -0.5553  0.8146  0.4366 -0.1984  0.0000  0.0000  0.0000  0.0000  0.0000  0.0000  0.0000  0.0000  0.0000
 0.3200000E-01 0.3464523E+00 0.1000000E+04 0.6523634E+00 0.2610704E-01 0.2152762E-01 0.3527523E-01
  0.8912 -1.1899  0.5184  0.3275  0.0000  0.0000  0.0000  0.0000  0.0000  0.0000  0.0000  0.0000  0.0000  0.0000
 0.5000000E-01 0.2217295E+00 0.1000000E+04 0.5572841E+00 0.2282229E-01 0.1727577E-01 0.2923744E-01
  0.7724 -0.8726  0.0000  0.1092  0.0000  0.0000  0.0000  0.0000  0.0000  0.0000  0.0000  0.0000  0.0000  0.0000
 0.8000000E-01 0.1385809E+00 0.1000000E+04 0.4588690E+00 0.1977702E-01 0.1376592E-01 0.2425919E-01
  0.5347  0.0000  0.0000  0.2183  0.0000  0.0000  0.0000  0.0000  0.0000  0.0000  0.0000  0.0000  0.0000  0.0000
 0.1300000E+00 0.8528057E-01 0.1000000E+04 0.4070734E+00 0.2129489E-01 0.1383968E-01 0.2587871E-01
  0.4753  0.0793  0.2222  1.0369  0.0000  0.0000  0.0000  0.0000  0.0000  0.0000  0.0000  0.0000  0.0000  0.0000
 0.1800000E+00 0.6159152E-01 0.1000000E+04 0.3197355E+00 0.1820404E-01 0.1151060E-01 0.2166662E-01
  0.6536 -0.4760 -0.2222 -0.0546  0.0000  0.0000  0.0000  0.0000  0.0000  0.0000  0.0000  0.0000  0.0000  0.0000
 0.2500000E+00 0.4434590E-01 0.1000000E+04 0.2631634E+00 0.1657475E-01 0.1263276E-01 0.2136673E-01
  1.3667  0.6346 -1.0369 -0.9825  0.0000  0.0000  0.0000  0.0000  0.0000  0.0000  0.0000  0.0000  0.0000  0.0000
 0.4000000E+00 0.2771619E-01 0.1000000E+04 0.1313386E+00 0.1319831E-01 0.9589005E-02 0.1678562E-01
  2.1393  0.2380 -0.9629 -2.6746  0.0000  0.0000  0.0000  0.0000  0.0000  0.0000  0.0000  0.0000  0.0000  0.0000
 0.6500000E+00 0.1705611E-01 0.1000000E+04 0.2358346E-01 0.4041026E-02 0.2901013E-02 0.5375184E-02
  3.2087  0.3173 -3.4071 -8.8968  0.0000  0.0000  0.0000  0.0000  0.0000  0.0000  0.0000  0.0000  0.0000  0.0000
 0.2000000E-01 0.6651885E+00 0.1200000E+04 0.7882461E+00 0.2237125E-01 0.7968432E-02 0.2523276E-01
  0.0510 -0.2043  0.2332  0.1094 -0.0284  0.0000 -0.0621  0.0000 -0.0829 -0.8416 -0.2203  0.5197 -0.0256 -0.0402
 0.3200000E-01 0.4157428E+00 0.1200000E+04 0.6451213E+00 0.1793670E-01 0.7058364E-02 0.2023677E-01
  0.0376  0.0503  0.2346  0.1210  0.0000  0.0000 -0.0294  0.0000  0.0313 -0.4990 -0.2024  0.7573 -0.2838 -0.1046
 0.5000000E-01 0.2660754E+00 0.1200000E+04 0.5185305E+00 0.1398940E-01 0.4225180E-02 0.1533581E-01
  0.1475 -0.3500 -0.0613  0.0602  0.0000  0.0000 -0.0842  0.0000  0.0061 -0.0710 -0.2277  0.5973 -0.2323 -0.1667
 0.8000000E-01 0.1662971E+00 0.1200000E+04 0.4602642E+00 0.1232284E-01 0.3687939E-02 0.1310016E-01
  0.1360 -0.2420  0.0377  0.0555  0.0000  0.0000 -0.1063  0.0000 -0.0007 -0.2834 -0.2451  0.1015 -0.1518 -0.0368
 0.1300000E+00 0.1023367E+00 0.1200000E+04 0.3703603E+00 0.1096709E-01 0.2665823E-02 0.1197889E-01
  0.1843 -0.1076 -0.0431  0.0529  0.0000  0.0000 -0.0697  0.0000  0.0000  0.1938 -0.2678  0.8530  0.6725  0.1202
 0.1800000E+00 0.7390983E-01 0.1200000E+04 0.3240097E+00 0.2106014E-01 0.1004413E-01 0.2346151E-01
  0.4159 -0.5553 -0.0741  0.4366  0.0000  0.0000  0.0000  0.0000  0.0000  0.0000  0.0000  0.0000  0.0000  0.0000
 0.2500000E+00 0.5321508E-01 0.1200000E+04 0.2467258E+00 0.8412006E-02 0.2275928E-02 0.9044725E-02
  0.1753 -0.1170 -0.1365 -0.0302  0.0000  0.0000 -0.1394  0.0000  0.0000 -0.3036 -0.3105  0.7678  0.2484  0.3421
 0.4000000E+00 0.3325942E-01 0.1200000E+04 0.1279464E+00 0.7203175E-02 0.4280412E-02 0.9364424E-02
  0.7164 -0.2391 -0.5495 -0.9238  0.0000  0.0000 -0.1902  0.0000  0.0000 -0.0979 -0.3369  0.8458 -2.5055  0.3058
 0.6500000E+00 0.2046734E-01 0.1200000E+04 0.2504603E-01 0.4784647E-02 0.3405255E-02 0.6161839E-02
  5.3459 -2.2204 -2.9616 -6.0017  0.0000  0.0000  0.0000  0.0000  0.0000  0.0000  0.0000  0.0000  0.0000  0.0000
 0.2000000E-01 0.8314856E+00 0.1500000E+04 0.6854410E+00 0.2673704E-01 0.8758775E-02 0.3057135E-01
 -0.1037 -0.1615  0.0000  0.0000 -0.2019  0.0000 -0.0326  0.3835  0.2854 -1.5070 -0.2143  0.6199 -0.7816 -0.0197
 0.3200000E-01 0.5196785E+00 0.1500000E+04 0.6226096E+00 0.2211101E-01 0.7698362E-02 0.2370507E-01
  0.0000 -0.1267  0.2366  0.0697  0.0000  0.0000 -0.0568  0.0000  0.1312 -0.4098 -0.2082  0.0881 -0.0218 -0.0833
 0.5000000E-01 0.3325942E+00 0.1500000E+04 0.5835592E+00 0.1828440E-01 0.6276467E-02 0.1959825E-01
  0.0933  0.1245  0.0698  0.0686  0.0000  0.0000 -0.0644  0.0000 -0.0587  0.0343 -0.2460  0.4187  0.3016 -0.1205
 0.8000000E-01 0.2078714E+00 0.1500000E+04 0.4280806E+00 0.1406141E-01 0.5301855E-02 0.1525479E-01
  0.0586 -0.1305  0.1462  0.0898  0.0000  0.0000 -0.0717  0.0000 -0.0044 -0.0091 -0.2347  0.2363 -0.4053 -0.0282
 0.1300000E+00 0.1279209E+00 0.1500000E+04 0.3472890E+00 0.1361846E-01 0.4410357E-02 0.1462932E-01
  0.1120 -0.1495 -0.0698  0.1029  0.0000  0.0000 -0.0650  0.0000 -0.0139 -0.4033 -0.2234  0.0144  0.5756  0.1441
 0.1800000E+00 0.9238728E-01 0.1500000E+04 0.3114290E+00 0.1289077E-01 0.3429224E-02 0.1366318E-01
  0.2963 -0.3956 -0.0616  0.1361  0.0000  0.0000 -0.1343  0.0000 -0.0334 -0.1692 -0.2242  0.1381 -0.6803  0.1598
 0.2500000E+00 0.6651885E-01 0.1500000E+04 0.2463643E+00 0.1173365E-01 0.4843191E-02 0.1293213E-01
  0.4752 -0.2758 -0.1803  0.1328  0.0000  0.0000 -0.0319  0.0000  0.0000  0.0471 -0.1990  0.4822 -0.3562  0.1742
 0.4000000E+00 0.4157428E-01 0.1500000E+04 0.1208324E+00 0.8597493E-02 0.3909766E-02 0.9707429E-02
  0.6797  0.3686 -0.9266 -1.0535  0.0000  0.0000 -0.0745  0.0000  0.0000  0.1054 -0.2743  0.2091 -0.9637  0.1878
 0.6500000E+00 0.2558417E-01 0.1500000E+04 0.1732633E-01 0.5121150E-02 0.2494454E-02 0.5806693E-02
  5.0493 -2.1413 -2.8878 -4.7472  0.0000  0.0000  0.0000  0.0000  0.0000  0.0000  0.0000  0.0000  0.0000  0.0000
 0.3200000E-01 0.6929047E+00 0.2000000E+04 0.6303088E+00 0.2583909E-01 0.9257274E-02 0.2901949E-01
  0.1187 -0.1321  0.3207  0.0909  0.0000  0.0000 -0.0284  1.1284 -0.0275 -0.6912 -0.2333  0.0500  0.3271 -0.0964
 0.5000000E-01 0.4434590E+00 0.2000000E+04 0.5069535E+00 0.2091316E-01 0.6698315E-02 0.2209654E-01
  0.2069 -0.1381  0.1719  0.0950  0.0000  0.0000 -0.0879  0.0000 -0.0253  0.0905 -0.2220  0.1546  0.1821 -0.1080
 0.8000000E-01 0.2771619E+00 0.2000000E+04 0.4324741E+00 0.1692230E-01 0.4714096E-02 0.1775380E-01
 -0.0750 -0.2504  0.1870  0.1206  0.0000  0.0000 -0.0772  0.0000 -0.0041  0.1028 -0.2009  0.4078  0.2823 -0.0221
 0.1300000E+00 0.1705611E+00 0.2000000E+04 0.3887765E+00 0.1719920E-01 0.5644431E-02 0.1823878E-01
  0.3181 -0.2123  0.0248  0.0000  0.0000  0.0000 -0.1391  0.0000 -0.0443 -0.1419 -0.1954  0.1902  0.0906  0.1320
 0.1800000E+00 0.1231830E+00 0.2000000E+04 0.3278672E+00 0.1568031E-01 0.4199571E-02 0.1628478E-01
  0.0511  0.0455 -0.1698  0.0782  0.0000  0.0000 -0.1346  0.0000 -0.0104 -0.0979 -0.2517  0.0956  0.0695  0.1183
 0.2500000E+00 0.8869179E-01 0.2000000E+04 0.2400319E+00 0.1345489E-01 0.4327534E-02 0.1424951E-01
  0.4625 -0.0842 -0.1572 -0.0579  0.0000  0.0000 -0.1057  0.0000  0.0000 -0.3728 -0.2098  0.3019  0.0648  0.1558
 0.4000000E+00 0.5543237E-01 0.2000000E+04 0.1158351E+00 0.9284647E-02 0.4147084E-02 0.1061340E-01
  1.2157 -0.2756 -0.6862 -0.6953  0.0000  0.0000 -0.0802  0.0000  0.0000 -0.2342 -0.1926  0.0630 -2.1001  0.1471
 0.6500000E+00 0.3411223E-01 0.2000000E+04 0.3083720E-01 0.7105665E-02 0.4532683E-02 0.8692201E-02
  4.3964 -1.1105 -2.8882 -6.2213  0.0000  0.0000  0.0000  0.0000  0.0000  0.0000  0.0000  0.0000  0.0000  0.0000
 0.5000000E-01 0.6651884E+00 0.3000000E+04 0.5453660E+00 0.2276196E-01 0.9880356E-02 0.2498955E-01
  0.0000 -0.2575  0.4121  0.1518 -0.0460  0.0000 -0.0564  0.0389 -0.0065  0.0071 -0.1349  0.1418  0.0550 -0.0673
 0.8000000E-01 0.4157428E+00 0.3000000E+04 0.4176466E+00 0.1823917E-01 0.6347773E-02 0.1953433E-01
  0.2857 -0.1589  0.2671  0.1749  0.0000  0.0000 -0.0896  0.0000 -0.1084  0.0434 -0.1968  0.1660 -0.3639  0.0048
 0.1300000E+00 0.2558417E+00 0.3000000E+04 0.3490221E+00 0.1736309E-01 0.6597632E-02 0.1881314E-01
  0.2052 -0.1370 -0.1279  0.0236  0.0000  0.0000 -0.1043  0.0000 -0.0275 -0.3818 -0.1643  0.0890  0.6128  0.1056
 0.1800000E+00 0.1847746E+00 0.3000000E+04 0.3121433E+00 0.1618389E-01 0.7145674E-02 0.1792335E-01
  0.6879 -0.0889 -0.1383  0.0204  0.0000  0.0000 -0.0703  0.0000  0.1195 -0.0173 -0.1936  0.2175 -0.3561  0.1077
 0.2500000E+00 0.1330377E+00 0.3000000E+04 0.2105105E+00 0.1347786E-01 0.3957172E-02 0.1423514E-01
  0.5898  0.1370 -0.2238  0.0000  0.0000  0.0000 -0.0559  0.0000 -0.0184 -0.0880 -0.2112  0.1488 -0.8052  0.1048
 0.4000000E+00 0.8314855E-01 0.3000000E+04 0.1194852E+00 0.9641338E-02 0.3388629E-02 0.1041310E-01
  0.8415  0.1162 -0.4340 -0.2932  0.0000  0.0000 -0.0370  0.0000  0.0000  0.0148 -0.1658  0.9055 -0.6750  0.0924
 0.6500000E+00 0.5116834E-01 0.3000000E+04 0.1779658E-01 0.2606625E-02 0.9077826E-03 0.2822027E-02
  1.3342  0.3239 -0.8819 -1.5969  0.0000  0.0000 -0.0672  0.0000  0.0000 -0.0694 -0.2715  2.1831  2.0625  0.7270
 0.8000000E-01 0.6929047E+00 0.5000000E+04 0.4182296E+00 0.1860541E-01 0.6732007E-02 0.1994980E-01
  0.0201 -0.1608  0.3253  0.0922 -0.0335  0.0000 -0.0951 -0.1946  0.0671 -0.0642 -0.2206  0.3326  0.2118  0.0705
 0.1300000E+00 0.4264029E+00 0.5000000E+04 0.3524707E+00 0.1922453E-01 0.6038652E-02 0.2021120E-01
  0.1375 -0.0612  0.1714  0.0421  0.0000  0.0000 -0.0706 -0.1806  0.0930  0.0823 -0.1781  0.1356  0.1803  0.1224
 0.1800000E+00 0.3079576E+00 0.5000000E+04 0.2647426E+00 0.1603890E-01 0.4906632E-02 0.1688324E-01
 -0.1085 -0.0290 -0.0271  0.0000  0.0000  0.0000 -0.0974 -0.1865 -0.0373 -0.0392 -0.2053  0.4861 -0.4014  0.0998
 0.2500000E+00 0.2217295E+00 0.5000000E+04 0.2405626E+00 0.1619626E-01 0.6542141E-02 0.1762862E-01
  0.4467 -0.1065 -0.1193  0.0440  0.0000  0.0000 -0.0570 -0.2152 -0.0198  0.0338 -0.2424  0.5262  0.6161  0.1023
 0.4000000E+00 0.1385809E+00 0.5000000E+04 0.1204053E+00 0.1059768E-01 0.3095499E-02 0.1108357E-01
  0.2773  0.0673  0.0943  0.1158  0.0000  0.0000 -0.0836 -0.1692  0.0000  0.0410 -0.1932  0.1964  0.6554  0.0754
 0.6500000E+00 0.8528057E-01 0.5000000E+04 0.7697273E-02 0.3128524E-02 0.1639828E-02 0.3573342E-02
  5.2890  1.9042 -4.6668 -3.8757  0.0000  0.0000  0.0000  0.0000  0.0000  0.0000  0.0000  0.0000  0.0000  0.0000
 0.1300000E+00 0.6822446E+00 0.8000000E+04 0.3203954E+00 0.2301608E-01 0.6665731E-02 0.2408122E-01
  0.1253  0.0837  0.1823  0.0192 -0.0349  0.0000 -0.1263 -0.1906 -0.1939  0.3883 -0.2610  0.0089  0.3840  0.3079
 0.1800000E+00 0.4927322E+00 0.8000000E+04 0.3037143E+00 0.2296680E-01 0.7335642E-02 0.2420431E-01
  0.1917 -0.2844  0.2389  0.0196  0.0000  0.0000 -0.0666 -0.1887  0.1878 -0.2349 -0.2519  0.1474 -0.0872  0.1346
 0.2500000E+00 0.3547672E+00 0.8000000E+04 0.2078885E+00 0.1847170E-01 0.5807536E-02 0.1948622E-01
  0.5383  0.1198  0.0559  0.1442  0.0000  0.0000 -0.2226 -0.1830 -0.1213 -0.3578 -0.1839  0.5563  0.2725  0.0921
 0.4000000E+00 0.2217295E+00 0.8000000E+04 0.9718370E-01 0.1211728E-01 0.4622001E-02 0.1300037E-01
  0.7996 -0.1001 -0.0934  0.0000  0.0000  0.0000 -0.0664 -0.1703 -0.0283  0.2336 -0.1911  0.1916  0.2127  0.0188
 0.6500000E+00 0.1364489E+00 0.8000000E+04 0.1587941E-01 0.3779467E-02 0.1580623E-02 0.4121762E-02
  1.6960  1.1321 -1.2117 -0.7599  0.0000  0.0000 -0.3284 -0.1938 -0.0466  0.1749 -0.1853  1.0547 -0.4267  0.5121
 0.1800000E+00 0.7390983E+00 0.1200000E+05 0.2892087E+00 0.2999162E-01 0.8288559E-02 0.3131099E-01
 -0.1890 -0.5047  0.1047  0.0386 -0.1052  0.0000 -0.4074 -0.1900  0.5649 -0.0213 -0.2115  0.6820 -0.0242  0.2028
 0.2500000E+00 0.5321508E+00 0.1200000E+05 0.1530370E+00 0.2331522E-01 0.6228937E-02 0.2417679E-01
  0.3102  0.2485  0.3480  0.0855  0.0000  0.0000 -0.0845 -0.1406 -0.2703  0.1987 -0.1814  0.0642 -0.5773  0.1266
 0.4000000E+00 0.3325942E+00 0.1200000E+05 0.6477049E-01 0.1339072E-01 0.4175053E-02 0.1406129E-01
  0.5251  0.2726 -0.1091  0.0268  0.0000  0.0000 -0.1393 -0.1501 -0.1810 -0.8569 -0.2267  0.6967 -0.9129 -0.0174
 0.6500000E+00 0.2046734E+00 0.1200000E+05 0.1730995E-01 0.7182702E-02 0.4744092E-02 0.8677836E-02
  3.8036  4.0466 -2.6669 -0.6005  0.0000  0.0000  0.0000  0.0000  0.0000  0.0000  0.0000  0.0000  0.0000  0.0000
 0.2500000E+00 0.8869179E+00 0.2000000E+05 0.9633598E-01 0.2137245E-01 0.1920714E-02 0.2162578E-01
  0.1981 -0.3606  0.2020  0.0165 -0.1203  0.0000 -0.2884 -0.2049 -1.9009  0.8507 -0.2801  0.1576  1.9727  0.4772
 0.4000000E+00 0.5543237E+00 0.2000000E+05 0.4696279E-01 0.1667766E-01 0.3749335E-02 0.1713115E-01
  0.7651  0.3405  0.4087  0.1004  0.0000  0.0000 -0.2031 -0.1139 -0.3541 -2.0165 -0.1174  0.3613  0.1012 -0.0589
 0.6500000E+00 0.3411223E+00 0.2000000E+05 0.1047641E-01 0.7590739E-02 0.3982174E-02 0.8592067E-02
  3.5065  3.8880 -0.5186 -0.1638  0.0000  0.0000  0.0000  0.0000  0.0000  0.0000  0.0000  0.0000  0.0000  0.0000
 0.4000000E+00 0.8314856E+00 0.3000000E+05 0.8583935E-01 0.3120968E-01 0.4222740E-02 0.3345794E-01
 -0.0943 -0.5538 -0.0940  0.0346 -0.2833  0.0000 -0.3624 -0.2038 12.1700  0.7703 -0.2646  0.6505 -4.8677  0.0382
 0.1800000E+00 0.1231830E-01 0.2000000E+03 0.3055430E+00 0.6176018E-02 0.7099851E-02 0.1758361E-01
  0.0000  0.0000  0.0000  0.0000  0.0000  0.0000 -0.1539  0.0000  0.0000 -0.1614 -0.3964  0.7514 -4.6604  0.2865
 0.1800000E+00 0.1539788E-01 0.2500000E+03 0.3097485E+00 0.6437883E-02 0.3153576E-02 0.1102219E-01
  0.0000  0.0000  0.0000  0.0000  0.0000  0.0000 -0.1779  0.0000  0.0134 -0.2237 -0.3614  1.7424 -1.7552  0.2586
 0.1800000E+00 0.1847746E-01 0.3000000E+03 0.3144828E+00 0.6662843E-02 0.4321458E-02 0.9095388E-02
  0.0000  0.0000  0.0000  0.0000  0.0000  0.0000 -0.2122  0.0000  0.0000 -0.4395 -0.3279  0.9661  1.0729  0.2411
 0.1300000E-01 0.1023367E+01 0.1200000E+04 0.8753859E+00 0.3009458E-01 0.8023517E-02 0.4145234E-01
  0.0000  0.0000  0.0000  0.0000  0.0000  0.0000 -0.5753 -1.4853  0.1594 -2.3150 -0.2792  0.2251  1.0381 -0.0055
