    100.00    0.1310E-02    0.84629577    1.44322050    0.05556263    0.01754624    0.05826728
    100.00    0.2000E-02    0.55432367    1.38457882    0.03495774    0.01936321    0.03996220
    120.00    0.1580E-02    0.84201068    1.40684938    0.04563792    0.01371915    0.04765537
    120.00    0.2000E-02    0.66518843    1.33557594    0.03339974    0.01794984    0.03791754
    120.00    0.3200E-02    0.41574281    1.22606087    0.02719982    0.01386250    0.03052866
    150.00    0.1970E-02    0.84414774    1.39571834    0.04690998    0.01409751    0.04898250
    150.00    0.3200E-02    0.51967853    1.21920717    0.02950488    0.01372027    0.03253896
    150.00    0.5000E-02    0.33259425    1.06072509    0.02474048    0.00647938    0.02557487
    150.00    0.8000E-02    0.20787139    0.95355058    0.02905532    0.00977079    0.03065420
    200.00    0.2630E-02    0.84307790    1.28996205    0.04389221    0.01284416    0.04573290
    200.00    0.3200E-02    0.69290465    1.23840439    0.03602068    0.01397384    0.03863622
    200.00    0.5000E-02    0.44345900    1.09948325    0.01442276    0.01065317    0.01793060
    200.00    0.8000E-02    0.27716184    0.94819111    0.01262332    0.00638870    0.01414792
    200.00    0.1300E-01    0.17056115    0.80822361    0.01024008    0.00402254    0.01100182
    200.00    0.2000E-01    0.11086475    0.70017648    0.01051650    0.00366757    0.01113767
    200.00    0.3200E-01    0.06929046    0.58930004    0.01025994    0.00392347    0.01098454
    200.00    0.5000E-01    0.04434590    0.52049452    0.00902013    0.00355669    0.00969602
    200.00    0.8000E-01    0.02771619    0.43392590    0.00638671    0.00719088    0.00961763
    200.00    0.1300E+00    0.01705611    0.35347062    0.01450608    0.00706850    0.01613661
    200.00    0.2500E+00    0.00886918    0.26887470    0.01493087    0.00895736    0.01741164
    200.00    0.4000E+00    0.00554324    0.13660938    0.00866900    0.00880763    0.01235823
    250.00    0.3280E-02    0.84500569    1.25498867    0.04613708    0.01513617    0.04855650
    250.00    0.5000E-02    0.55432373    1.11446512    0.02944856    0.00865941    0.03069533
    250.00    0.8000E-02    0.34645233    0.95640785    0.01450755    0.00539323    0.01547759
    250.00    0.1300E-01    0.21320143    0.83255613    0.01222790    0.00433051    0.01297208
    250.00    0.2000E-01    0.13858093    0.71201915    0.01213294    0.00374242    0.01269701
    250.00    0.3200E-01    0.08661308    0.58616579    0.01074413    0.00424690    0.01155303
    250.00    0.5000E-01    0.05543237    0.51924211    0.00909707    0.00363025    0.00979467
    250.00    0.8000E-01    0.03464523    0.42373526    0.00676853    0.00717075    0.00986066
    250.00    0.1300E+00    0.02132014    0.34536767    0.01390599    0.00369804    0.01438930
    250.00    0.2500E+00    0.01108647    0.28008401    0.01762590    0.00831069    0.01948691
    250.00    0.4000E+00    0.00692905    0.14376956    0.00946157    0.00826605    0.01256379
    300.00    0.3940E-02    0.84414774    1.18956995    0.04541649    0.01111421    0.04675663
    300.00    0.5000E-02    0.66518849    1.13793147    0.04099303    0.01210752    0.04274366
    300.00    0.8000E-02    0.41574278    0.97969079    0.01709502    0.00844093    0.01906539
    300.00    0.1300E-01    0.25584170    0.81799698    0.01359036    0.00489580    0.01444530
    300.00    0.2000E-01    0.16629712    0.69916737    0.01305953    0.00345325    0.01350837
    300.00    0.3200E-01    0.10393570    0.60761350    0.01185569    0.00292933    0.01221222
    300.00    0.5000E-01    0.06651884    0.49814507    0.00973495    0.00305114    0.01020190
    300.00    0.8000E-01    0.04157428    0.43016300    0.00749996    0.00326579    0.00818015
    300.00    0.1300E+00    0.02558417    0.35591131    0.01531583    0.00358959    0.01573086
    300.00    0.2500E+00    0.01330377    0.26804850    0.01889665    0.00994872    0.02135557
    300.00    0.4000E+00    0.00831486    0.15692137    0.01240903    0.00740913    0.01445265
    400.00    0.5250E-02    0.84468377    1.16588235    0.04777558    0.01094950    0.04901426
    400.00    0.8000E-02    0.55432367    1.03167367    0.01960889    0.01246946    0.02323781
    400.00    0.1300E-01    0.34112230    0.85528749    0.01732711    0.00374832    0.01772790
    400.00    0.2000E-01    0.22172950    0.70613182    0.01557431    0.00504318    0.01637048
    400.00    0.3200E-01    0.13858092    0.61090094    0.01301959    0.00397588    0.01361313
    400.00    0.5000E-01    0.08869179    0.50942576    0.01072774    0.00341477    0.01125812
    400.00    0.8000E-01    0.05543238    0.44735989    0.00913928    0.00299222    0.00961664
    400.00    0.1300E+00    0.03411223    0.36127716    0.00803952    0.00326078    0.00867563
    400.00    0.2500E+00    0.01773836    0.25497171    0.00753766    0.00403692    0.00855062
    400.00    0.4000E+00    0.01108647    0.15523596    0.01034399    0.00713895    0.01256832
    500.00    0.6560E-02    0.84500569    1.02381563    0.04494297    0.00890546    0.04581678
    500.00    0.8000E-02    0.69290465    1.03311276    0.04760907    0.00719304    0.04814938
    500.00    0.1300E-01    0.42640287    0.89309007    0.03228540    0.01132308    0.03421343
    500.00    0.2000E-01    0.27716187    0.72166771    0.02549955    0.00679191    0.02638858
    500.00    0.3200E-01    0.17322616    0.61630797    0.02181336    0.00384427    0.02214951
    500.00    0.5000E-01    0.11086474    0.53107512    0.02033567    0.00601368    0.02120622
    500.00    0.8000E-01    0.06929047    0.43726921    0.01673586    0.00474002    0.01739416
    500.00    0.1300E+00    0.04264029    0.33967060    0.01480422    0.00538300    0.01575251
    500.00    0.1800E+00    0.03079576    0.29338899    0.01536042    0.00409606    0.01589718
    500.00    0.2500E+00    0.02217295    0.27233267    0.01766377    0.00726793    0.01910056
    500.00    0.4000E+00    0.01385809    0.17121397    0.01765001    0.01013158    0.02035121
    650.00    0.8530E-02    0.84480751    0.99143279    0.05255003    0.00664828    0.05296891
    650.00    0.1300E-01    0.55432373    0.86107183    0.01798649    0.00792651    0.01965562
    650.00    0.2000E-01    0.36031044    0.74927545    0.01866633    0.00292642    0.01889433
    650.00    0.3200E-01    0.22519401    0.61281323    0.01602506    0.00515539    0.01683391
    650.00    0.5000E-01    0.14412417    0.52713400    0.01363866    0.00228283    0.01382838
    650.00    0.8000E-01    0.09007761    0.44029161    0.01188972    0.00370144    0.01245256
    650.00    0.1300E+00    0.05543238    0.36072159    0.01048762    0.00325338    0.01098065
    650.00    0.1800E+00    0.04003449    0.30114219    0.01871210    0.00555281    0.01951862
    650.00    0.2500E+00    0.02882483    0.25099057    0.00932364    0.00283547    0.00974526
    650.00    0.4000E+00    0.01801552    0.15510654    0.01731299    0.00977255    0.01988070
    800.00    0.1050E-01    0.84468377    0.95183629    0.05852703    0.01012143    0.05939576
    800.00    0.1300E-01    0.68224460    0.84996718    0.02276462    0.00952493    0.02467696
    800.00    0.2000E-01    0.44345900    0.75756061    0.02163084    0.00706225    0.02275453
    800.00    0.3200E-01    0.27716184    0.62488228    0.01809659    0.00279479    0.01831113
    800.00    0.5000E-01    0.17738359    0.52900499    0.01484439    0.00274918    0.01509682
    800.00    0.8000E-01    0.11086475    0.45118225    0.01340824    0.00213426    0.01357703
    800.00    0.1300E+00    0.06822446    0.36130401    0.01185557    0.00293320    0.01221303
    800.00    0.1800E+00    0.04927322    0.32204577    0.02061220    0.00423123    0.02104201
    800.00    0.2500E+00    0.03547672    0.26118839    0.01037803    0.00545168    0.01172281
    800.00    0.4000E+00    0.02217295    0.13164651    0.01665248    0.00576712    0.01762284
    800.00    0.6500E+00    0.01364489    0.01941877    0.00371464    0.00124599    0.00391804
   1000.00    0.1300E-01    0.85280573    0.88691866    0.05514870    0.01200268    0.05643973
   1000.00    0.2000E-01    0.55432373    0.74162996    0.03654195    0.00753508    0.03731074
   1000.00    0.3200E-01    0.34645233    0.65236342    0.03383808    0.00996624    0.03527523
   1000.00    0.5000E-01    0.22172949    0.55728412    0.02862358    0.00595978    0.02923744
   1000.00    0.8000E-01    0.13858093    0.45886901    0.02409629    0.00280663    0.02425919
   1000.00    0.1300E+00    0.08528057    0.40707338    0.02539703    0.00496978    0.02587871
   1000.00    0.1800E+00    0.06159152    0.31973547    0.02153790    0.00235830    0.02166662
   1000.00    0.2500E+00    0.04434590    0.26316336    0.02084007    0.00471470    0.02136673
   1000.00    0.4000E+00    0.02771619    0.13133855    0.01631393    0.00395128    0.01678562
   1000.00    0.6500E+00    0.01705611    0.02358346    0.00497451    0.00203638    0.00537518
   1200.00    0.2000E-01    0.66518849    0.78824610    0.02374803    0.00852780    0.02523276
   1200.00    0.3200E-01    0.41574278    0.64512134    0.01927552    0.00616287    0.02023677
   1200.00    0.5000E-01    0.26607537    0.51853049    0.01461353    0.00465099    0.01533581
   1200.00    0.8000E-01    0.16629712    0.46026418    0.01286286    0.00248214    0.01310016
   1200.00    0.1300E+00    0.10233669    0.37036034    0.01128644    0.00401375    0.01197889
   1200.00    0.1800E+00    0.07390983    0.32400975    0.02333268    0.00245529    0.02346151
   1200.00    0.2500E+00    0.05321508    0.24672581    0.00871445    0.00242185    0.00904472
   1200.00    0.4000E+00    0.03325942    0.12794639    0.00837900    0.00418148    0.00936442
   1200.00    0.6500E+00    0.02046734    0.02504603    0.00587270    0.00186538    0.00616184
   1500.00    0.2000E-01    0.83148563    0.68544102    0.02813512    0.01195919    0.03057135
   1500.00    0.3200E-01    0.51967847    0.62260956    0.02341285    0.00371065    0.02370507
   1500.00    0.5000E-01    0.33259422    0.58355922    0.01933166    0.00322155    0.01959825
   1500.00    0.8000E-01    0.20787141    0.42808065    0.01502774    0.00262215    0.01525479
   1500.00    0.1300E+00    0.12792087    0.34728903    0.01431481    0.00301718    0.01462932
   1500.00    0.1800E+00    0.09238728    0.31142899    0.01333910    0.00295819    0.01366318
   1500.00    0.2500E+00    0.06651885    0.24636430    0.01269390    0.00247080    0.01293213
   1500.00    0.4000E+00    0.04157428    0.12083238    0.00944474    0.00224300    0.00970743
   1500.00    0.6500E+00    0.02558417    0.01732633    0.00569636    0.00112659    0.00580669
   2000.00    0.3200E-01    0.69290465    0.63030881    0.02744733    0.00942206    0.02901949
   2000.00    0.5000E-01    0.44345897    0.50695354    0.02195968    0.00245552    0.02209654
   2000.00    0.8000E-01    0.27716187    0.43247411    0.01756664    0.00257107    0.01775380
   2000.00    0.1300E+00    0.17056115    0.38877651    0.01810171    0.00223187    0.01823878
   2000.00    0.1800E+00    0.12318304    0.32786721    0.01623295    0.00129829    0.01628478
   2000.00    0.2500E+00    0.08869179    0.24003188    0.01413371    0.00181297    0.01424951
   2000.00    0.4000E+00    0.05543237    0.11583509    0.01016873    0.00303995    0.01061340
   2000.00    0.6500E+00    0.03411223    0.03083720    0.00842827    0.00212572    0.00869220
   3000.00    0.5000E-01    0.66518843    0.54536605    0.02481387    0.00295796    0.02498955
   3000.00    0.8000E-01    0.41574281    0.41764665    0.01931222    0.00293742    0.01953433
   3000.00    0.1300E+00    0.25584173    0.34902212    0.01857433    0.00298809    0.01881314
   3000.00    0.1800E+00    0.18477456    0.31214333    0.01769121    0.00287532    0.01792335
   3000.00    0.2500E+00    0.13303770    0.21051049    0.01404678    0.00230807    0.01423514
   3000.00    0.4000E+00    0.08314855    0.11948521    0.01021950    0.00199863    0.01041310
   3000.00    0.6500E+00    0.05116834    0.01779658    0.00276017    0.00058760    0.00282203
   5000.00    0.8000E-01    0.69290465    0.41822961    0.01978588    0.00255215    0.01994980
   5000.00    0.1300E+00    0.42640287    0.35247073    0.02015063    0.00156364    0.02021120
   5000.00    0.1800E+00    0.30795762    0.26474258    0.01677264    0.00192942    0.01688324
   5000.00    0.2500E+00    0.22172949    0.24056262    0.01746764    0.00237694    0.01762862
   5000.00    0.4000E+00    0.13858093    0.12040534    0.01104051    0.00097608    0.01108357
   5000.00    0.6500E+00    0.08528057    0.00769727    0.00353224    0.00054044    0.00357334
   8000.00    0.1300E+00    0.68224460    0.32039538    0.02396188    0.00239441    0.02408122
   8000.00    0.1800E+00    0.49273217    0.30371428    0.02410986    0.00213621    0.02420431
   8000.00    0.2500E+00    0.35476717    0.20788854    0.01936314    0.00218669    0.01948622
   8000.00    0.4000E+00    0.22172949    0.09718370    0.01296886    0.00090462    0.01300037
   8000.00    0.6500E+00    0.13644892    0.01587941    0.00409667    0.00045407    0.00412176
  12000.00    0.1800E+00    0.73909825    0.28920871    0.03111587    0.00349010    0.03131099
  12000.00    0.2500E+00    0.53215080    0.15303701    0.02413294    0.00145541    0.02417679
  12000.00    0.4000E+00    0.33259422    0.06477049    0.01402649    0.00098860    0.01406129
  12000.00    0.6500E+00    0.20467338    0.01730995    0.00860800    0.00109873    0.00867784
  20000.00    0.2500E+00    0.88691795    0.09633598    0.02145859    0.00268395    0.02162578
  20000.00    0.4000E+00    0.55432373    0.04696279    0.01709391    0.00112885    0.01713115
  20000.00    0.6500E+00    0.34112230    0.01047641    0.00857187    0.00058872    0.00859207
  30000.00    0.4000E+00    0.83148557    0.08583935    0.03149406    0.01129416    0.03345794
    200.00    0.1800E+00    0.01231830    0.30554301    0.00941016    0.01485369    0.01758361
    250.00    0.1800E+00    0.01539788    0.30974853    0.00716878    0.00837242    0.01102219
    300.00    0.1800E+00    0.01847746    0.31448281    0.00794157    0.00443369    0.00909539
   1200.00    0.1300E-01    1.02336681    0.87538588    0.03114579    0.02735390    0.04145234
